0 4.09552e-13
0.00436332 4.0957e-13
0.00872665 4.09627e-13
0.01309 4.09722e-13
0.0174533 4.09854e-13
0.0218166 4.10025e-13
0.0261799 4.10232e-13
0.0305433 4.10478e-13
0.0349066 4.10761e-13
0.0392699 4.11081e-13
0.0436332 4.11438e-13
0.0479966 4.11832e-13
0.0523599 4.12263e-13
0.0567232 4.1273e-13
0.0610865 4.13233e-13
0.0654498 4.13773e-13
0.0698132 4.14348e-13
0.0741765 4.14959e-13
0.0785398 4.15605e-13
0.0829031 4.16285e-13
0.0872665 4.17e-13
0.0916298 4.17749e-13
0.0959931 4.18532e-13
0.100356 4.19348e-13
0.10472 4.20197e-13
0.109083 4.21079e-13
0.113446 4.21993e-13
0.11781 4.22938e-13
0.122173 4.23914e-13
0.126536 4.24921e-13
0.1309 4.25958e-13
0.135263 4.27025e-13
0.139626 4.2812e-13
0.14399 4.29245e-13
0.148353 4.30397e-13
0.152716 4.31577e-13
0.15708 4.32784e-13
0.161443 4.34016e-13
0.165806 4.35275e-13
0.17017 4.36559e-13
0.174533 4.37867e-13
0.178896 4.39199e-13
0.18326 4.40554e-13
0.187623 4.41931e-13
0.191986 4.43331e-13
0.19635 4.44752e-13
0.200713 4.46193e-13
0.205076 4.47654e-13
0.20944 4.49134e-13
0.213803 4.50633e-13
0.218166 4.5215e-13
0.222529 4.53684e-13
0.226893 4.55234e-13
0.231256 4.568e-13
0.235619 4.58381e-13
0.239983 4.59976e-13
0.244346 4.61584e-13
0.248709 4.63206e-13
0.253073 4.64839e-13
0.257436 4.66484e-13
0.261799 4.6814e-13
0.266163 4.69805e-13
0.270526 4.7148e-13
0.274889 4.73163e-13
0.279253 4.74854e-13
0.283616 4.76552e-13
0.287979 4.78256e-13
0.292343 4.79966e-13
0.296706 4.81681e-13
0.301069 4.83399e-13
0.305433 4.85122e-13
0.309796 4.86846e-13
0.314159 4.88573e-13
0.318523 4.90301e-13
0.322886 4.9203e-13
0.327249 4.93759e-13
0.331613 4.95486e-13
0.335976 4.97213e-13
0.340339 4.98937e-13
0.344703 5.00658e-13
0.349066 5.02376e-13
0.353429 5.04089e-13
0.357792 5.05798e-13
0.362156 5.07501e-13
0.366519 5.09199e-13
0.370882 5.10889e-13
0.375246 5.12572e-13
0.379609 5.14247e-13
0.383972 5.15914e-13
0.388336 5.17571e-13
0.392699 5.19219e-13
0.397062 5.20856e-13
0.401426 5.22482e-13
0.405789 5.24097e-13
0.410152 5.257e-13
0.414516 5.2729e-13
0.418879 5.28867e-13
0.423242 5.3043e-13
0.427606 5.3198e-13
0.431969 5.33514e-13
0.436332 5.35034e-13
0.440696 5.36538e-13
0.445059 5.38026e-13
0.449422 5.39497e-13
0.453786 5.40952e-13
0.458149 5.42389e-13
0.462512 5.43808e-13
0.466876 5.45209e-13
0.471239 5.46591e-13
0.475602 5.47954e-13
0.479966 5.49298e-13
0.484329 5.50622e-13
0.488692 5.51926e-13
0.493056 5.5321e-13
0.497419 5.54472e-13
0.501782 5.55714e-13
0.506145 5.56934e-13
0.510509 5.58132e-13
0.514872 5.59309e-13
0.519235 5.60463e-13
0.523599 5.61594e-13
0.527962 5.62703e-13
0.532325 5.63788e-13
0.536689 5.64851e-13
0.541052 5.65889e-13
0.545415 5.66904e-13
0.549779 5.67896e-13
0.554142 5.68863e-13
0.558505 5.69805e-13
0.562869 5.70724e-13
0.567232 5.71617e-13
0.571595 5.72486e-13
0.575959 5.7333e-13
0.580322 5.74149e-13
0.584685 5.74943e-13
0.589049 5.75712e-13
0.593412 5.76456e-13
0.597775 5.77174e-13
0.602139 5.77866e-13
0.606502 5.78533e-13
0.610865 5.79175e-13
0.615229 5.79791e-13
0.619592 5.80381e-13
0.623955 5.80946e-13
0.628319 5.81484e-13
0.632682 5.81997e-13
0.637045 5.82485e-13
0.641409 5.82946e-13
0.645772 5.83382e-13
0.650135 5.83793e-13
0.654498 5.84177e-13
0.658862 5.84537e-13
0.663225 5.8487e-13
0.667588 5.85178e-13
0.671952 5.85461e-13
0.676315 5.85718e-13
0.680678 5.8595e-13
0.685042 5.86157e-13
0.689405 5.86339e-13
0.693768 5.86495e-13
0.698132 5.86627e-13
0.702495 5.86734e-13
0.706858 5.86816e-13
0.711222 5.86874e-13
0.715585 5.86908e-13
0.719948 5.86917e-13
0.724312 5.86902e-13
0.728675 5.86862e-13
0.733038 5.868e-13
0.737402 5.86713e-13
0.741765 5.86603e-13
0.746128 5.86469e-13
0.750492 5.86312e-13
0.754855 5.86132e-13
0.759218 5.8593e-13
0.763582 5.85704e-13
0.767945 5.85457e-13
0.772308 5.85186e-13
0.776672 5.84894e-13
0.781035 5.8458e-13
0.785398 5.84244e-13
0.789761 5.83887e-13
0.794125 5.83508e-13
0.798488 5.83108e-13
0.802851 5.82687e-13
0.807215 5.82246e-13
0.811578 5.81784e-13
0.815941 5.81302e-13
0.820305 5.808e-13
0.824668 5.80278e-13
0.829031 5.79736e-13
0.833395 5.79175e-13
0.837758 5.78595e-13
0.842121 5.77997e-13
0.846485 5.77379e-13
0.850848 5.76743e-13
0.855211 5.76089e-13
0.859575 5.75417e-13
0.863938 5.74727e-13
0.868301 5.7402e-13
0.872665 5.73295e-13
0.877028 5.72554e-13
0.881391 5.71795e-13
0.885755 5.71021e-13
0.890118 5.70229e-13
0.894481 5.69422e-13
0.898845 5.68599e-13
0.903208 5.67761e-13
0.907571 5.66907e-13
0.911935 5.66038e-13
0.916298 5.65154e-13
0.920661 5.64256e-13
0.925025 5.63343e-13
0.929388 5.62416e-13
0.933751 5.61476e-13
0.938114 5.60521e-13
0.942478 5.59554e-13
0.946841 5.58573e-13
0.951204 5.57579e-13
0.955568 5.56573e-13
0.959931 5.55554e-13
0.964294 5.54523e-13
0.968658 5.53479e-13
0.973021 5.52425e-13
0.977384 5.51358e-13
0.981748 5.50281e-13
0.986111 5.49192e-13
0.990474 5.48093e-13
0.994838 5.46983e-13
0.999201 5.45862e-13
1.00356 5.44732e-13
1.00793 5.43591e-13
1.01229 5.42441e-13
1.01665 5.41281e-13
1.02102 5.40112e-13
1.02538 5.38934e-13
1.02974 5.37748e-13
1.03411 5.36552e-13
1.03847 5.35349e-13
1.04283 5.34137e-13
1.0472 5.32917e-13
1.05156 5.31689e-13
1.05592 5.30454e-13
1.06029 5.29212e-13
1.06465 5.27962e-13
1.06901 5.26706e-13
1.07338 5.25442e-13
1.07774 5.24172e-13
1.0821 5.22896e-13
1.08647 5.21614e-13
1.09083 5.20325e-13
1.09519 5.19031e-13
1.09956 5.17732e-13
1.10392 5.16427e-13
1.10828 5.15116e-13
1.11265 5.13801e-13
1.11701 5.12481e-13
1.12137 5.11156e-13
1.12574 5.09827e-13
1.1301 5.08493e-13
1.13446 5.07155e-13
1.13883 5.05813e-13
1.14319 5.04468e-13
1.14755 5.03118e-13
1.15192 5.01766e-13
1.15628 5.00409e-13
1.16064 4.9905e-13
1.16501 4.97688e-13
1.16937 4.96323e-13
1.17373 4.94955e-13
1.1781 4.93585e-13
1.18246 4.92212e-13
1.18682 4.90837e-13
1.19119 4.8946e-13
1.19555 4.88081e-13
1.19991 4.867e-13
1.20428 4.85318e-13
1.20864 4.83934e-13
1.213 4.82549e-13
1.21737 4.81162e-13
1.22173 4.79774e-13
1.22609 4.78385e-13
1.23046 4.76996e-13
1.23482 4.75606e-13
1.23918 4.74215e-13
1.24355 4.72823e-13
1.24791 4.71431e-13
1.25227 4.70039e-13
1.25664 4.68647e-13
1.261 4.67255e-13
1.26536 4.65862e-13
1.26973 4.6447e-13
1.27409 4.63079e-13
1.27845 4.61688e-13
1.28282 4.60297e-13
1.28718 4.58907e-13
1.29154 4.57518e-13
1.29591 4.56129e-13
1.30027 4.54742e-13
1.30463 4.53355e-13
1.309 4.5197e-13
1.31336 4.50585e-13
1.31772 4.49203e-13
1.32209 4.47821e-13
1.32645 4.46441e-13
1.33081 4.45063e-13
1.33518 4.43686e-13
1.33954 4.42311e-13
1.3439 4.40938e-13
1.34827 4.39567e-13
1.35263 4.38198e-13
1.35699 4.36831e-13
1.36136 4.35466e-13
1.36572 4.34103e-13
1.37008 4.32742e-13
1.37445 4.31384e-13
1.37881 4.30029e-13
1.38317 4.28676e-13
1.38754 4.27325e-13
1.3919 4.25977e-13
1.39626 4.24632e-13
1.40063 4.2329e-13
1.40499 4.2195e-13
1.40935 4.20613e-13
1.41372 4.1928e-13
1.41808 4.17949e-13
1.42244 4.16621e-13
1.42681 4.15297e-13
1.43117 4.13975e-13
1.43553 4.12657e-13
1.4399 4.11342e-13
1.44426 4.10031e-13
1.44862 4.08723e-13
1.45299 4.07418e-13
1.45735 4.06117e-13
1.46171 4.04819e-13
1.46608 4.03525e-13
1.47044 4.02235e-13
1.4748 4.00948e-13
1.47917 3.99665e-13
1.48353 3.98385e-13
1.48789 3.9711e-13
1.49226 3.95838e-13
1.49662 3.9457e-13
1.50098 3.93306e-13
1.50535 3.92046e-13
1.50971 3.9079e-13
1.51407 3.89538e-13
1.51844 3.8829e-13
1.5228 3.87045e-13
1.52716 3.85805e-13
1.53153 3.8457e-13
1.53589 3.83338e-13
1.54025 3.8211e-13
1.54462 3.80887e-13
1.54898 3.79668e-13
1.55334 3.78453e-13
1.55771 3.77242e-13
1.56207 3.76036e-13
1.56643 3.74834e-13
1.5708 3.73636e-13
1.57516 3.72443e-13
1.57952 3.71254e-13
1.58389 3.7007e-13
1.58825 3.6889e-13
1.59261 3.67714e-13
1.59698 3.66543e-13
1.60134 3.65376e-13
1.6057 3.64214e-13
1.61007 3.63056e-13
1.61443 3.61903e-13
1.61879 3.60754e-13
1.62316 3.5961e-13
1.62752 3.58471e-13
1.63188 3.57336e-13
1.63625 3.56205e-13
1.64061 3.5508e-13
1.64497 3.53958e-13
1.64934 3.52842e-13
1.6537 3.5173e-13
1.65806 3.50623e-13
1.66243 3.4952e-13
1.66679 3.48422e-13
1.67115 3.47328e-13
1.67552 3.4624e-13
1.67988 3.45156e-13
1.68424 3.44076e-13
1.68861 3.43002e-13
1.69297 3.41932e-13
1.69733 3.40866e-13
1.7017 3.39806e-13
1.70606 3.3875e-13
1.71042 3.37698e-13
1.71479 3.36652e-13
1.71915 3.3561e-13
1.72351 3.34573e-13
1.72788 3.3354e-13
1.73224 3.32512e-13
1.7366 3.31489e-13
1.74097 3.30471e-13
1.74533 3.29457e-13
1.74969 3.28448e-13
1.75406 3.27444e-13
1.75842 3.26444e-13
1.76278 3.25449e-13
1.76715 3.24459e-13
1.77151 3.23474e-13
1.77587 3.22493e-13
1.78024 3.21516e-13
1.7846 3.20545e-13
1.78896 3.19578e-13
1.79333 3.18616e-13
1.79769 3.17658e-13
1.80205 3.16706e-13
1.80642 3.15757e-13
1.81078 3.14814e-13
1.81514 3.13875e-13
1.81951 3.12941e-13
1.82387 3.12011e-13
1.82823 3.11086e-13
1.8326 3.10165e-13
1.83696 3.0925e-13
1.84132 3.08338e-13
1.84569 3.07432e-13
1.85005 3.0653e-13
1.85441 3.05632e-13
1.85878 3.04739e-13
1.86314 3.03851e-13
1.8675 3.02967e-13
1.87187 3.02088e-13
1.87623 3.01213e-13
1.88059 3.00343e-13
1.88496 2.99477e-13
1.88932 2.98616e-13
1.89368 2.97759e-13
1.89805 2.96907e-13
1.90241 2.9606e-13
1.90677 2.95216e-13
1.91114 2.94377e-13
1.9155 2.93543e-13
1.91986 2.92713e-13
1.92423 2.91888e-13
1.92859 2.91067e-13
1.93295 2.9025e-13
1.93732 2.89438e-13
1.94168 2.8863e-13
1.94604 2.87826e-13
1.95041 2.87027e-13
1.95477 2.86232e-13
1.95913 2.85442e-13
1.9635 2.84656e-13
1.96786 2.83874e-13
1.97222 2.83096e-13
1.97659 2.82323e-13
1.98095 2.81554e-13
1.98531 2.80789e-13
1.98968 2.80029e-13
1.99404 2.79273e-13
1.9984 2.78521e-13
2.00277 2.77773e-13
2.00713 2.77029e-13
2.01149 2.7629e-13
2.01586 2.75555e-13
2.02022 2.74824e-13
2.02458 2.74097e-13
2.02895 2.73374e-13
2.03331 2.72655e-13
2.03767 2.71941e-13
2.04204 2.7123e-13
2.0464 2.70524e-13
2.05076 2.69822e-13
2.05513 2.69124e-13
2.05949 2.6843e-13
2.06385 2.6774e-13
2.06822 2.67053e-13
2.07258 2.66371e-13
2.07694 2.65693e-13
2.08131 2.65019e-13
2.08567 2.64349e-13
2.09003 2.63683e-13
2.0944 2.63021e-13
2.09876 2.62363e-13
2.10312 2.61708e-13
2.10749 2.61058e-13
2.11185 2.60411e-13
2.11621 2.59769e-13
2.12058 2.5913e-13
2.12494 2.58495e-13
2.1293 2.57864e-13
2.13367 2.57236e-13
2.13803 2.56613e-13
2.14239 2.55993e-13
2.14675 2.55377e-13
2.15112 2.54765e-13
2.15548 2.54157e-13
2.15984 2.53552e-13
2.16421 2.52951e-13
2.16857 2.52354e-13
2.17293 2.51761e-13
2.1773 2.51171e-13
2.18166 2.50585e-13
2.18602 2.50003e-13
2.19039 2.49424e-13
2.19475 2.48849e-13
2.19911 2.48277e-13
2.20348 2.4771e-13
2.20784 2.47145e-13
2.2122 2.46585e-13
2.21657 2.46028e-13
2.22093 2.45474e-13
2.22529 2.44924e-13
2.22966 2.44378e-13
2.23402 2.43835e-13
2.23838 2.43295e-13
2.24275 2.42759e-13
2.24711 2.42227e-13
2.25147 2.41698e-13
2.25584 2.41173e-13
2.2602 2.40651e-13
2.26456 2.40132e-13
2.26893 2.39617e-13
2.27329 2.39105e-13
2.27765 2.38597e-13
2.28202 2.38092e-13
2.28638 2.3759e-13
2.29074 2.37092e-13
2.29511 2.36597e-13
2.29947 2.36106e-13
2.30383 2.35618e-13
2.3082 2.35133e-13
2.31256 2.34651e-13
2.31692 2.34173e-13
2.32129 2.33698e-13
2.32565 2.33226e-13
2.33001 2.32758e-13
2.33438 2.32293e-13
2.33874 2.31831e-13
2.3431 2.31372e-13
2.34747 2.30916e-13
2.35183 2.30464e-13
2.35619 2.30015e-13
2.36056 2.29569e-13
2.36492 2.29126e-13
2.36928 2.28686e-13
2.37365 2.2825e-13
2.37801 2.27816e-13
2.38237 2.27386e-13
2.38674 2.26959e-13
2.3911 2.26535e-13
2.39546 2.26114e-13
2.39983 2.25696e-13
2.40419 2.25281e-13
2.40855 2.24869e-13
2.41292 2.24461e-13
2.41728 2.24055e-13
2.42164 2.23652e-13
2.42601 2.23252e-13
2.43037 2.22856e-13
2.43473 2.22462e-13
2.4391 2.22071e-13
2.44346 2.21684e-13
2.44782 2.21299e-13
2.45219 2.20917e-13
2.45655 2.20538e-13
2.46091 2.20162e-13
2.46528 2.19789e-13
2.46964 2.19419e-13
2.474 2.19051e-13
2.47837 2.18687e-13
2.48273 2.18326e-13
2.48709 2.17967e-13
2.49146 2.17611e-13
2.49582 2.17258e-13
2.50018 2.16908e-13
2.50455 2.16561e-13
2.50891 2.16216e-13
2.51327 2.15875e-13
2.51764 2.15536e-13
2.522 2.152e-13
2.52636 2.14867e-13
2.53073 2.14536e-13
2.53509 2.14208e-13
2.53945 2.13884e-13
2.54382 2.13561e-13
2.54818 2.13242e-13
2.55254 2.12925e-13
2.55691 2.12611e-13
2.56127 2.123e-13
2.56563 2.11991e-13
2.57 2.11685e-13
2.57436 2.11382e-13
2.57872 2.11082e-13
2.58309 2.10784e-13
2.58745 2.10488e-13
2.59181 2.10196e-13
2.59618 2.09906e-13
2.60054 2.09619e-13
2.6049 2.09334e-13
2.60927 2.09052e-13
2.61363 2.08773e-13
2.61799 2.08496e-13
2.62236 2.08222e-13
2.62672 2.0795e-13
2.63108 2.07681e-13
2.63545 2.07415e-13
2.63981 2.07151e-13
2.64417 2.0689e-13
2.64854 2.06631e-13
2.6529 2.06375e-13
2.65726 2.06121e-13
2.66163 2.0587e-13
2.66599 2.05621e-13
2.67035 2.05375e-13
2.67472 2.05132e-13
2.67908 2.0489e-13
2.68344 2.04652e-13
2.68781 2.04416e-13
2.69217 2.04182e-13
2.69653 2.03951e-13
2.7009 2.03722e-13
2.70526 2.03496e-13
2.70962 2.03273e-13
2.71399 2.03051e-13
2.71835 2.02833e-13
2.72271 2.02616e-13
2.72708 2.02402e-13
2.73144 2.02191e-13
2.7358 2.01982e-13
2.74017 2.01775e-13
2.74453 2.01571e-13
2.74889 2.01369e-13
2.75326 2.01169e-13
2.75762 2.00972e-13
2.76198 2.00778e-13
2.76635 2.00585e-13
2.77071 2.00395e-13
2.77507 2.00208e-13
2.77944 2.00023e-13
2.7838 1.9984e-13
2.78816 1.99659e-13
2.79253 1.99481e-13
2.79689 1.99305e-13
2.80125 1.99132e-13
2.80562 1.98961e-13
2.80998 1.98792e-13
2.81434 1.98626e-13
2.81871 1.98462e-13
2.82307 1.983e-13
2.82743 1.9814e-13
2.8318 1.97983e-13
2.83616 1.97828e-13
2.84052 1.97676e-13
2.84489 1.97525e-13
2.84925 1.97377e-13
2.85361 1.97232e-13
2.85798 1.97088e-13
2.86234 1.96947e-13
2.8667 1.96808e-13
2.87107 1.96672e-13
2.87543 1.96537e-13
2.87979 1.96405e-13
2.88416 1.96275e-13
2.88852 1.96148e-13
2.89288 1.96022e-13
2.89725 1.95899e-13
2.90161 1.95778e-13
2.90597 1.9566e-13
2.91034 1.95543e-13
2.9147 1.95429e-13
2.91906 1.95317e-13
2.92343 1.95208e-13
2.92779 1.951e-13
2.93215 1.94995e-13
2.93652 1.94892e-13
2.94088 1.94791e-13
2.94524 1.94693e-13
2.94961 1.94596e-13
2.95397 1.94502e-13
2.95833 1.9441e-13
2.9627 1.9432e-13
2.96706 1.94233e-13
2.97142 1.94147e-13
2.97579 1.94064e-13
2.98015 1.93983e-13
2.98451 1.93904e-13
2.98888 1.93828e-13
2.99324 1.93753e-13
2.9976 1.93681e-13
3.00197 1.93611e-13
3.00633 1.93543e-13
3.01069 1.93477e-13
3.01506 1.93414e-13
3.01942 1.93352e-13
3.02378 1.93293e-13
3.02815 1.93236e-13
3.03251 1.93181e-13
3.03687 1.93129e-13
3.04124 1.93078e-13
3.0456 1.9303e-13
3.04996 1.92983e-13
3.05433 1.92939e-13
3.05869 1.92897e-13
3.06305 1.92858e-13
3.06742 1.9282e-13
3.07178 1.92785e-13
3.07614 1.92751e-13
3.08051 1.9272e-13
3.08487 1.92691e-13
3.08923 1.92664e-13
3.0936 1.9264e-13
3.09796 1.92617e-13
3.10232 1.92597e-13
3.10669 1.92578e-13
3.11105 1.92562e-13
3.11541 1.92548e-13
3.11978 1.92537e-13
3.12414 1.92527e-13
3.1285 1.92519e-13
3.13287 1.92514e-13
3.13723 1.92511e-13
3.14159 1.9251e-13
