0 52.6416
0.00436332 -2.60586e+26
0.00872665 -5.00667e+26
0.01309 -2.92302e+26
0.0174533 8.76985e+26
0.0218166 3.29113e+27
0.0261799 6.78568e+27
0.0305433 1.085e+28
0.0349066 1.48817e+28
0.0392699 1.8397e+28
0.0436332 2.1118e+28
0.0479966 2.29601e+28
0.0523599 2.39744e+28
0.0567232 2.42854e+28
0.0610865 2.40431e+28
0.0654498 2.33939e+28
0.0698132 2.24652e+28
0.0741765 2.13603e+28
0.0785398 2.01589e+28
0.0829031 1.89198e+28
0.0872665 1.76847e+28
0.0916298 1.64823e+28
0.0959931 1.53307e+28
0.100356 1.4241e+28
0.10472 1.32189e+28
0.109083 1.22664e+28
0.113446 1.13828e+28
0.11781 1.05661e+28
0.122173 9.81294e+27
0.126536 9.11961e+27
0.1309 8.48201e+27
0.135263 7.89604e+27
0.139626 7.35764e+27
0.14399 6.86291e+27
0.148353 6.4082e+27
0.152716 5.99006e+27
0.15708 5.60531e+27
0.161443 5.25104e+27
0.165806 4.92456e+27
0.17017 4.62342e+27
0.174533 4.3454e+27
0.178896 4.08848e+27
0.18326 3.85081e+27
0.187623 3.63072e+27
0.191986 3.42672e+27
0.19635 3.23741e+27
0.200713 3.06157e+27
0.205076 2.89806e+27
0.20944 2.74587e+27
0.213803 2.60406e+27
0.218166 2.47179e+27
0.222529 2.34831e+27
0.226893 2.23291e+27
0.231256 2.12495e+27
0.235619 2.02387e+27
0.239983 1.92914e+27
0.244346 1.84027e+27
0.248709 1.75683e+27
0.253073 1.67841e+27
0.257436 1.60466e+27
0.261799 1.53523e+27
0.266163 1.46982e+27
0.270526 1.40814e+27
0.274889 1.34994e+27
0.279253 1.29497e+27
0.283616 1.24302e+27
0.287979 1.19388e+27
0.292343 1.14737e+27
0.296706 1.10332e+27
0.301069 1.06156e+27
0.305433 1.02195e+27
0.309796 9.84352e+26
0.314159 9.48643e+26
0.318523 9.14706e+26
0.322886 8.82431e+26
0.327249 8.51718e+26
0.331613 8.22475e+26
0.335976 7.94613e+26
0.340339 7.68052e+26
0.344703 7.42718e+26
0.349066 7.18539e+26
0.353429 6.95451e+26
0.357792 6.73393e+26
0.362156 6.52307e+26
0.366519 6.32141e+26
0.370882 6.12844e+26
0.375246 5.9437e+26
0.379609 5.76674e+26
0.383972 5.59718e+26
0.388336 5.43461e+26
0.392699 5.27867e+26
0.397062 5.12904e+26
0.401426 4.98539e+26
0.405789 4.84741e+26
0.410152 4.71485e+26
0.414516 4.58741e+26
0.418879 4.46487e+26
0.423242 4.34698e+26
0.427606 4.23351e+26
0.431969 4.12427e+26
0.436332 4.01906e+26
0.440696 3.91768e+26
0.445059 3.81996e+26
0.449422 3.72575e+26
0.453786 3.63486e+26
0.458149 3.54717e+26
0.462512 3.46253e+26
0.466876 3.3808e+26
0.471239 3.30186e+26
0.475602 3.22558e+26
0.479966 3.15186e+26
0.484329 3.08059e+26
0.488692 3.01166e+26
0.493056 2.94497e+26
0.497419 2.88044e+26
0.501782 2.81798e+26
0.506145 2.75749e+26
0.510509 2.6989e+26
0.514872 2.64215e+26
0.519235 2.58714e+26
0.523599 2.53382e+26
0.527962 2.48212e+26
0.532325 2.43197e+26
0.536689 2.38332e+26
0.541052 2.33611e+26
0.545415 2.29028e+26
0.549779 2.24579e+26
0.554142 2.20259e+26
0.558505 2.16062e+26
0.562869 2.11984e+26
0.567232 2.08021e+26
0.571595 2.04168e+26
0.575959 2.00422e+26
0.580322 1.9678e+26
0.584685 1.93236e+26
0.589049 1.89789e+26
0.593412 1.86433e+26
0.597775 1.83168e+26
0.602139 1.79988e+26
0.606502 1.76892e+26
0.610865 1.73876e+26
0.615229 1.70939e+26
0.619592 1.68076e+26
0.623955 1.65286e+26
0.628319 1.62567e+26
0.632682 1.59915e+26
0.637045 1.5733e+26
0.641409 1.54808e+26
0.645772 1.52348e+26
0.650135 1.49948e+26
0.654498 1.47606e+26
0.658862 1.45319e+26
0.663225 1.43088e+26
0.667588 1.40908e+26
0.671952 1.3878e+26
0.676315 1.36701e+26
0.680678 1.34671e+26
0.685042 1.32687e+26
0.689405 1.30748e+26
0.693768 1.28853e+26
0.698132 1.27e+26
0.702495 1.25189e+26
0.706858 1.23418e+26
0.711222 1.21686e+26
0.715585 1.19991e+26
0.719948 1.18334e+26
0.724312 1.16712e+26
0.728675 1.15124e+26
0.733038 1.13571e+26
0.737402 1.1205e+26
0.741765 1.10561e+26
0.746128 1.09103e+26
0.750492 1.07675e+26
0.754855 1.06277e+26
0.759218 1.04907e+26
0.763582 1.03565e+26
0.767945 1.0225e+26
0.772308 1.00961e+26
0.776672 9.96978e+25
0.781035 9.84595e+25
0.785398 9.72455e+25
0.789761 9.60552e+25
0.794125 9.4888e+25
0.798488 9.37431e+25
0.802851 9.26202e+25
0.807215 9.15186e+25
0.811578 9.04378e+25
0.815941 8.93773e+25
0.820305 8.83365e+25
0.824668 8.7315e+25
0.829031 8.63123e+25
0.833395 8.53279e+25
0.837758 8.43615e+25
0.842121 8.34125e+25
0.846485 8.24805e+25
0.850848 8.15651e+25
0.855211 8.0666e+25
0.859575 7.97827e+25
0.863938 7.89149e+25
0.868301 7.80622e+25
0.872665 7.72242e+25
0.877028 7.64007e+25
0.881391 7.55912e+25
0.885755 7.47955e+25
0.890118 7.40132e+25
0.894481 7.32441e+25
0.898845 7.24878e+25
0.903208 7.1744e+25
0.907571 7.10125e+25
0.911935 7.0293e+25
0.916298 6.95852e+25
0.920661 6.88889e+25
0.925025 6.82038e+25
0.929388 6.75297e+25
0.933751 6.68663e+25
0.938114 6.62134e+25
0.942478 6.55707e+25
0.946841 6.49382e+25
0.951204 6.43154e+25
0.955568 6.37023e+25
0.959931 6.30986e+25
0.964294 6.25042e+25
0.968658 6.19187e+25
0.973021 6.13421e+25
0.977384 6.07742e+25
0.981748 6.02148e+25
0.986111 5.96637e+25
0.990474 5.91207e+25
0.994838 5.85857e+25
0.999201 5.80585e+25
1.00356 5.75389e+25
1.00793 5.70269e+25
1.01229 5.65222e+25
1.01665 5.60248e+25
1.02102 5.55344e+25
1.02538 5.50509e+25
1.02974 5.45742e+25
1.03411 5.41042e+25
1.03847 5.36406e+25
1.04283 5.31835e+25
1.0472 5.27327e+25
1.05156 5.22881e+25
1.05592 5.18494e+25
1.06029 5.14168e+25
1.06465 5.09899e+25
1.06901 5.05687e+25
1.07338 5.01531e+25
1.07774 4.97431e+25
1.0821 4.93384e+25
1.08647 4.8939e+25
1.09083 4.85448e+25
1.09519 4.81557e+25
1.09956 4.77716e+25
1.10392 4.73924e+25
1.10828 4.70181e+25
1.11265 4.66485e+25
1.11701 4.62835e+25
1.12137 4.59232e+25
1.12574 4.55673e+25
1.1301 4.52158e+25
1.13446 4.48687e+25
1.13883 4.45258e+25
1.14319 4.41871e+25
1.14755 4.38525e+25
1.15192 4.3522e+25
1.15628 4.31954e+25
1.16064 4.28728e+25
1.16501 4.25539e+25
1.16937 4.22389e+25
1.17373 4.19275e+25
1.1781 4.16198e+25
1.18246 4.13156e+25
1.18682 4.1015e+25
1.19119 4.07179e+25
1.19555 4.04241e+25
1.19991 4.01337e+25
1.20428 3.98466e+25
1.20864 3.95628e+25
1.213 3.92821e+25
1.21737 3.90045e+25
1.22173 3.87301e+25
1.22609 3.84586e+25
1.23046 3.81902e+25
1.23482 3.79247e+25
1.23918 3.76621e+25
1.24355 3.74023e+25
1.24791 3.71453e+25
1.25227 3.68911e+25
1.25664 3.66396e+25
1.261 3.63907e+25
1.26536 3.61445e+25
1.26973 3.59008e+25
1.27409 3.56598e+25
1.27845 3.54212e+25
1.28282 3.5185e+25
1.28718 3.49514e+25
1.29154 3.47201e+25
1.29591 3.44911e+25
1.30027 3.42645e+25
1.30463 3.40402e+25
1.309 3.38181e+25
1.31336 3.35982e+25
1.31772 3.33805e+25
1.32209 3.3165e+25
1.32645 3.29515e+25
1.33081 3.27402e+25
1.33518 3.25309e+25
1.33954 3.23237e+25
1.3439 3.21184e+25
1.34827 3.19152e+25
1.35263 3.17138e+25
1.35699 3.15144e+25
1.36136 3.13168e+25
1.36572 3.11211e+25
1.37008 3.09273e+25
1.37445 3.07352e+25
1.37881 3.05449e+25
1.38317 3.03564e+25
1.38754 3.01696e+25
1.3919 2.99845e+25
1.39626 2.98011e+25
1.40063 2.96193e+25
1.40499 2.94392e+25
1.40935 2.92607e+25
1.41372 2.90838e+25
1.41808 2.89084e+25
1.42244 2.87346e+25
1.42681 2.85623e+25
1.43117 2.83915e+25
1.43553 2.82222e+25
1.4399 2.80543e+25
1.44426 2.78879e+25
1.44862 2.77229e+25
1.45299 2.75594e+25
1.45735 2.73972e+25
1.46171 2.72363e+25
1.46608 2.70769e+25
1.47044 2.69187e+25
1.4748 2.67619e+25
1.47917 2.66063e+25
1.48353 2.64521e+25
1.48789 2.62991e+25
1.49226 2.61473e+25
1.49662 2.59968e+25
1.50098 2.58475e+25
1.50535 2.56993e+25
1.50971 2.55524e+25
1.51407 2.54066e+25
1.51844 2.5262e+25
1.5228 2.51185e+25
1.52716 2.49762e+25
1.53153 2.48349e+25
1.53589 2.46948e+25
1.54025 2.45557e+25
1.54462 2.44177e+25
1.54898 2.42807e+25
1.55334 2.41448e+25
1.55771 2.40099e+25
1.56207 2.3876e+25
1.56643 2.37432e+25
1.5708 2.36113e+25
1.57516 2.34804e+25
1.57952 2.33504e+25
1.58389 2.32215e+25
1.58825 2.30934e+25
1.59261 2.29663e+25
1.59698 2.28401e+25
1.60134 2.27148e+25
1.6057 2.25904e+25
1.61007 2.24669e+25
1.61443 2.23443e+25
1.61879 2.22225e+25
1.62316 2.21016e+25
1.62752 2.19815e+25
1.63188 2.18623e+25
1.63625 2.17439e+25
1.64061 2.16263e+25
1.64497 2.15095e+25
1.64934 2.13935e+25
1.6537 2.12783e+25
1.65806 2.11639e+25
1.66243 2.10502e+25
1.66679 2.09373e+25
1.67115 2.08251e+25
1.67552 2.07137e+25
1.67988 2.06031e+25
1.68424 2.04931e+25
1.68861 2.03839e+25
1.69297 2.02753e+25
1.69733 2.01675e+25
1.7017 2.00604e+25
1.70606 1.99539e+25
1.71042 1.98481e+25
1.71479 1.9743e+25
1.71915 1.96386e+25
1.72351 1.95348e+25
1.72788 1.94316e+25
1.73224 1.93291e+25
1.7366 1.92272e+25
1.74097 1.9126e+25
1.74533 1.90253e+25
1.74969 1.89253e+25
1.75406 1.88259e+25
1.75842 1.87271e+25
1.76278 1.86288e+25
1.76715 1.85312e+25
1.77151 1.84341e+25
1.77587 1.83376e+25
1.78024 1.82417e+25
1.7846 1.81463e+25
1.78896 1.80515e+25
1.79333 1.79572e+25
1.79769 1.78635e+25
1.80205 1.77703e+25
1.80642 1.76776e+25
1.81078 1.75855e+25
1.81514 1.74939e+25
1.81951 1.74027e+25
1.82387 1.73121e+25
1.82823 1.7222e+25
1.8326 1.71324e+25
1.83696 1.70433e+25
1.84132 1.69547e+25
1.84569 1.68665e+25
1.85005 1.67789e+25
1.85441 1.66917e+25
1.85878 1.66049e+25
1.86314 1.65187e+25
1.8675 1.64328e+25
1.87187 1.63475e+25
1.87623 1.62626e+25
1.88059 1.61781e+25
1.88496 1.6094e+25
1.88932 1.60104e+25
1.89368 1.59272e+25
1.89805 1.58445e+25
1.90241 1.57621e+25
1.90677 1.56802e+25
1.91114 1.55987e+25
1.9155 1.55176e+25
1.91986 1.54369e+25
1.92423 1.53566e+25
1.92859 1.52767e+25
1.93295 1.51972e+25
1.93732 1.5118e+25
1.94168 1.50393e+25
1.94604 1.49609e+25
1.95041 1.48829e+25
1.95477 1.48053e+25
1.95913 1.4728e+25
1.9635 1.46511e+25
1.96786 1.45746e+25
1.97222 1.44984e+25
1.97659 1.44226e+25
1.98095 1.43471e+25
1.98531 1.4272e+25
1.98968 1.41972e+25
1.99404 1.41227e+25
1.9984 1.40486e+25
2.00277 1.39748e+25
2.00713 1.39014e+25
2.01149 1.38282e+25
2.01586 1.37554e+25
2.02022 1.36829e+25
2.02458 1.36107e+25
2.02895 1.35389e+25
2.03331 1.34673e+25
2.03767 1.33961e+25
2.04204 1.33251e+25
2.0464 1.32545e+25
2.05076 1.31841e+25
2.05513 1.31141e+25
2.05949 1.30443e+25
2.06385 1.29748e+25
2.06822 1.29057e+25
2.07258 1.28367e+25
2.07694 1.27681e+25
2.08131 1.26998e+25
2.08567 1.26317e+25
2.09003 1.25639e+25
2.0944 1.24964e+25
2.09876 1.24291e+25
2.10312 1.23621e+25
2.10749 1.22953e+25
2.11185 1.22289e+25
2.11621 1.21626e+25
2.12058 1.20967e+25
2.12494 1.20309e+25
2.1293 1.19655e+25
2.13367 1.19002e+25
2.13803 1.18353e+25
2.14239 1.17705e+25
2.14675 1.1706e+25
2.15112 1.16417e+25
2.15548 1.15777e+25
2.15984 1.15139e+25
2.16421 1.14503e+25
2.16857 1.1387e+25
2.17293 1.13239e+25
2.1773 1.1261e+25
2.18166 1.11983e+25
2.18602 1.11359e+25
2.19039 1.10736e+25
2.19475 1.10116e+25
2.19911 1.09498e+25
2.20348 1.08882e+25
2.20784 1.08268e+25
2.2122 1.07656e+25
2.21657 1.07047e+25
2.22093 1.06439e+25
2.22529 1.05833e+25
2.22966 1.05229e+25
2.23402 1.04628e+25
2.23838 1.04028e+25
2.24275 1.0343e+25
2.24711 1.02834e+25
2.25147 1.0224e+25
2.25584 1.01647e+25
2.2602 1.01057e+25
2.26456 1.00468e+25
2.26893 9.98814e+24
2.27329 9.92964e+24
2.27765 9.87132e+24
2.28202 9.81318e+24
2.28638 9.75521e+24
2.29074 9.69741e+24
2.29511 9.63978e+24
2.29947 9.58232e+24
2.30383 9.52503e+24
2.3082 9.46791e+24
2.31256 9.41095e+24
2.31692 9.35415e+24
2.32129 9.29751e+24
2.32565 9.24103e+24
2.33001 9.18471e+24
2.33438 9.12854e+24
2.33874 9.07253e+24
2.3431 9.01667e+24
2.34747 8.96096e+24
2.35183 8.9054e+24
2.35619 8.84999e+24
2.36056 8.79473e+24
2.36492 8.73961e+24
2.36928 8.68464e+24
2.37365 8.6298e+24
2.37801 8.57511e+24
2.38237 8.52056e+24
2.38674 8.46614e+24
2.3911 8.41186e+24
2.39546 8.35771e+24
2.39983 8.3037e+24
2.40419 8.24982e+24
2.40855 8.19607e+24
2.41292 8.14245e+24
2.41728 8.08896e+24
2.42164 8.03559e+24
2.42601 7.98235e+24
2.43037 7.92923e+24
2.43473 7.87623e+24
2.4391 7.82335e+24
2.44346 7.7706e+24
2.44782 7.71796e+24
2.45219 7.66543e+24
2.45655 7.61303e+24
2.46091 7.56073e+24
2.46528 7.50855e+24
2.46964 7.45649e+24
2.474 7.40453e+24
2.47837 7.35268e+24
2.48273 7.30094e+24
2.48709 7.2493e+24
2.49146 7.19777e+24
2.49582 7.14635e+24
2.50018 7.09502e+24
2.50455 7.0438e+24
2.50891 6.99268e+24
2.51327 6.94166e+24
2.51764 6.89074e+24
2.522 6.83991e+24
2.52636 6.78918e+24
2.53073 6.73854e+24
2.53509 6.68799e+24
2.53945 6.63754e+24
2.54382 6.58718e+24
2.54818 6.53691e+24
2.55254 6.48672e+24
2.55691 6.43662e+24
2.56127 6.38661e+24
2.56563 6.33669e+24
2.57 6.28685e+24
2.57436 6.23709e+24
2.57872 6.18741e+24
2.58309 6.13781e+24
2.58745 6.08829e+24
2.59181 6.03885e+24
2.59618 5.98949e+24
2.60054 5.9402e+24
2.6049 5.89099e+24
2.60927 5.84185e+24
2.61363 5.79278e+24
2.61799 5.74379e+24
2.62236 5.69486e+24
2.62672 5.64601e+24
2.63108 5.59722e+24
2.63545 5.5485e+24
2.63981 5.49984e+24
2.64417 5.45125e+24
2.64854 5.40273e+24
2.6529 5.35427e+24
2.65726 5.30587e+24
2.66163 5.25752e+24
2.66599 5.20924e+24
2.67035 5.16102e+24
2.67472 5.11286e+24
2.67908 5.06475e+24
2.68344 5.01669e+24
2.68781 4.96869e+24
2.69217 4.92075e+24
2.69653 4.87285e+24
2.7009 4.82501e+24
2.70526 4.77722e+24
2.70962 4.72947e+24
2.71399 4.68177e+24
2.71835 4.63412e+24
2.72271 4.58652e+24
2.72708 4.53896e+24
2.73144 4.49144e+24
2.7358 4.44397e+24
2.74017 4.39654e+24
2.74453 4.34914e+24
2.74889 4.30179e+24
2.75326 4.25447e+24
2.75762 4.20719e+24
2.76198 4.15995e+24
2.76635 4.11274e+24
2.77071 4.06557e+24
2.77507 4.01843e+24
2.77944 3.97132e+24
2.7838 3.92424e+24
2.78816 3.87719e+24
2.79253 3.83016e+24
2.79689 3.78317e+24
2.80125 3.7362e+24
2.80562 3.68925e+24
2.80998 3.64233e+24
2.81434 3.59543e+24
2.81871 3.54856e+24
2.82307 3.5017e+24
2.82743 3.45486e+24
2.8318 3.40804e+24
2.83616 3.36123e+24
2.84052 3.31444e+24
2.84489 3.26767e+24
2.84925 3.22091e+24
2.85361 3.17416e+24
2.85798 3.12742e+24
2.86234 3.08069e+24
2.8667 3.03396e+24
2.87107 2.98725e+24
2.87543 2.94053e+24
2.87979 2.89383e+24
2.88416 2.84712e+24
2.88852 2.80042e+24
2.89288 2.75371e+24
2.89725 2.70701e+24
2.90161 2.6603e+24
2.90597 2.61358e+24
2.91034 2.56686e+24
2.9147 2.52013e+24
2.91906 2.4734e+24
2.92343 2.42665e+24
2.92779 2.37989e+24
2.93215 2.33311e+24
2.93652 2.28632e+24
2.94088 2.23952e+24
2.94524 2.19269e+24
2.94961 2.14584e+24
2.95397 2.09897e+24
2.95833 2.05208e+24
2.9627 2.00515e+24
2.96706 1.9582e+24
2.97142 1.91122e+24
2.97579 1.8642e+24
2.98015 1.81715e+24
2.98451 1.77006e+24
2.98888 1.72294e+24
2.99324 1.67577e+24
2.9976 1.62855e+24
3.00197 1.58129e+24
3.00633 1.53397e+24
3.01069 1.48661e+24
3.01506 1.43919e+24
3.01942 1.39171e+24
3.02378 1.34417e+24
3.02815 1.29656e+24
3.03251 1.24889e+24
3.03687 1.20114e+24
3.04124 1.15333e+24
3.0456 1.10544e+24
3.04996 1.05747e+24
3.05433 1.00942e+24
3.05869 9.61292e+23
3.06305 9.13086e+23
3.06742 8.64802e+23
3.07178 8.16445e+23
3.07614 7.68023e+23
3.08051 7.19548e+23
3.08487 6.71038e+23
3.08923 6.2252e+23
3.0936 5.74035e+23
3.09796 5.25642e+23
3.10232 4.7743e+23
3.10669 4.29537e+23
3.11105 3.82178e+23
3.11541 3.35712e+23
3.11978 2.90781e+23
3.12414 2.48663e+23
3.1285 2.12316e+23
3.13287 1.90584e+23
3.13723 2.27582e+23
3.14159 inf
