0   1e+13
0.00436332   1.0009e+13
0.00872665   1.00093e+13
0.01309   1.00093e+13
0.0174533   1.00094e+13
0.0218166   1.00094e+13
0.0261799   1.00094e+13
0.0305433   1.00094e+13
0.0349066   1.00094e+13
0.0392699   1.00094e+13
0.0436332   1.00094e+13
0.0479966   1.00094e+13
0.0523599   1.00094e+13
0.0567232   1.00094e+13
0.0610865   1.00094e+13
0.0654498   1.00094e+13
0.0698132   1.00094e+13
0.0741765   1.00094e+13
0.0785398   1.00094e+13
0.0829031   1.00094e+13
0.0872665   1.00094e+13
0.0916298   1.00094e+13
0.0959931   1.00094e+13
0.100356   1.00094e+13
0.10472   1.00094e+13
0.109083   1.00094e+13
0.113446   1.00094e+13
0.11781   1.00094e+13
0.122173   1.00094e+13
0.126536   1.00094e+13
0.1309   1.00094e+13
0.135263   1.00094e+13
0.139626   1.00094e+13
0.14399   1.00094e+13
0.148353   1.00094e+13
0.152716   1.00094e+13
0.15708   1.00094e+13
0.161443   1.00094e+13
0.165806   1.00094e+13
0.17017   1.00094e+13
0.174533   1.00094e+13
0.178896   1.00094e+13
0.18326   1.00094e+13
0.187623   1.00094e+13
0.191986   1.00094e+13
0.19635   1.00094e+13
0.200713   1.00094e+13
0.205076   1.00094e+13
0.20944   1.00094e+13
0.213803   1.00094e+13
0.218166   1.00094e+13
0.222529   1.00094e+13
0.226893   1.00094e+13
0.231256   1.00094e+13
0.235619   1.00094e+13
0.239983   1.00094e+13
0.244346   1.00094e+13
0.248709   1.00094e+13
0.253073   1.00094e+13
0.257436   1.00094e+13
0.261799   1.00094e+13
0.266163   1.00094e+13
0.270526   1.00094e+13
0.274889   1.00094e+13
0.279253   1.00094e+13
0.283616   1.00094e+13
0.287979   1.00094e+13
0.292343   1.00094e+13
0.296706   1.00094e+13
0.301069   1.00094e+13
0.305433   1.00094e+13
0.309796   1.00094e+13
0.314159   1.00094e+13
0.318523   1.00094e+13
0.322886   1.00094e+13
0.327249   1.00094e+13
0.331613   1.00094e+13
0.335976   1.00094e+13
0.340339   1.00094e+13
0.344703   1.00094e+13
0.349066   1.00094e+13
0.353429   1.00094e+13
0.357792   1.00094e+13
0.362156   1.00094e+13
0.366519   1.00094e+13
0.370882   1.00094e+13
0.375246   1.00094e+13
0.379609   1.00094e+13
0.383972   1.00094e+13
0.388336   1.00094e+13
0.392699   1.00094e+13
0.397062   1.00094e+13
0.401426   1.00094e+13
0.405789   1.00094e+13
0.410152   1.00094e+13
0.414516   1.00094e+13
0.418879   1.00094e+13
0.423242   1.00094e+13
0.427606   1.00094e+13
0.431969   1.00094e+13
0.436332   1.00094e+13
0.440696   1.00094e+13
0.445059   1.00094e+13
0.449422   1.00094e+13
0.453786   1.00094e+13
0.458149   1.00094e+13
0.462512   1.00094e+13
0.466876   1.00094e+13
0.471239   1.00094e+13
0.475602   1.00094e+13
0.479966   1.00094e+13
0.484329   1.00094e+13
0.488692   1.00094e+13
0.493056   1.00094e+13
0.497419   1.00094e+13
0.501782   1.00094e+13
0.506145   1.00094e+13
0.510509   1.00094e+13
0.514872   1.00094e+13
0.519235   1.00094e+13
0.523599   1.00094e+13
0.527962   1.00094e+13
0.532325   1.00094e+13
0.536689   1.00094e+13
0.541052   1.00094e+13
0.545415   1.00094e+13
0.549779   1.00094e+13
0.554142   1.00094e+13
0.558505   1.00094e+13
0.562869   1.00094e+13
0.567232   1.00094e+13
0.571595   1.00094e+13
0.575959   1.00094e+13
0.580322   1.00094e+13
0.584685   1.00094e+13
0.589049   1.00094e+13
0.593412   1.00094e+13
0.597775   1.00094e+13
0.602139   1.00094e+13
0.606502   1.00094e+13
0.610865   1.00094e+13
0.615229   1.00094e+13
0.619592   1.00094e+13
0.623955   1.00094e+13
0.628319   1.00094e+13
0.632682   1.00094e+13
0.637045   1.00094e+13
0.641409   1.00094e+13
0.645772   1.00094e+13
0.650135   1.00094e+13
0.654498   1.00094e+13
0.658862   1.00094e+13
0.663225   1.00094e+13
0.667588   1.00094e+13
0.671952   1.00094e+13
0.676315   1.00094e+13
0.680678   1.00094e+13
0.685042   1.00094e+13
0.689405   1.00094e+13
0.693768   1.00094e+13
0.698132   1.00094e+13
0.702495   1.00094e+13
0.706858   1.00094e+13
0.711222   1.00094e+13
0.715585   1.00094e+13
0.719948   1.00094e+13
0.724312   1.00094e+13
0.728675   1.00094e+13
0.733038   1.00094e+13
0.737402   1.00094e+13
0.741765   1.00094e+13
0.746128   1.00094e+13
0.750492   1.00094e+13
0.754855   1.00094e+13
0.759218   1.00094e+13
0.763582   1.00094e+13
0.767945   1.00094e+13
0.772308   1.00094e+13
0.776672   1.00094e+13
0.781035   1.00094e+13
0.785398   1.00094e+13
0.789761   1.00094e+13
0.794125   1.00094e+13
0.798488   1.00094e+13
0.802851   1.00094e+13
0.807215   1.00094e+13
0.811578   1.00094e+13
0.815941   1.00094e+13
0.820305   1.00094e+13
0.824668   1.00094e+13
0.829031   1.00094e+13
0.833395   1.00094e+13
0.837758   1.00094e+13
0.842121   1.00094e+13
0.846485   1.00094e+13
0.850848   1.00094e+13
0.855211   1.00094e+13
0.859575   1.00094e+13
0.863938   1.00094e+13
0.868301   1.00094e+13
0.872665   1.00094e+13
0.877028   1.00094e+13
0.881391   1.00094e+13
0.885755   1.00094e+13
0.890118   1.00094e+13
0.894481   1.00094e+13
0.898845   1.00094e+13
0.903208   1.00094e+13
0.907571   1.00094e+13
0.911935   1.00094e+13
0.916298   1.00094e+13
0.920661   1.00094e+13
0.925025   1.00094e+13
0.929388   1.00094e+13
0.933751   1.00094e+13
0.938114   1.00094e+13
0.942478   1.00094e+13
0.946841   1.00094e+13
0.951204   1.00094e+13
0.955568   1.00094e+13
0.959931   1.00094e+13
0.964294   1.00094e+13
0.968658   1.00094e+13
0.973021   1.00094e+13
0.977384   1.00094e+13
0.981748   1.00094e+13
0.986111   1.00094e+13
0.990474   1.00094e+13
0.994838   1.00094e+13
0.999201   1.00094e+13
1.00356   1.00094e+13
1.00793   1.00094e+13
1.01229   1.00094e+13
1.01665   1.00094e+13
1.02102   1.00094e+13
1.02538   1.00094e+13
1.02974   1.00094e+13
1.03411   1.00094e+13
1.03847   1.00094e+13
1.04283   1.00094e+13
1.0472   1.00094e+13
1.05156   1.00094e+13
1.05592   1.00094e+13
1.06029   1.00094e+13
1.06465   1.00094e+13
1.06901   1.00094e+13
1.07338   1.00094e+13
1.07774   1.00094e+13
1.0821   1.00094e+13
1.08647   1.00094e+13
1.09083   1.00094e+13
1.09519   1.00094e+13
1.09956   1.00094e+13
1.10392   1.00094e+13
1.10828   1.00094e+13
1.11265   1.00094e+13
1.11701   1.00094e+13
1.12137   1.00094e+13
1.12574   1.00094e+13
1.1301   1.00094e+13
1.13446   1.00094e+13
1.13883   1.00094e+13
1.14319   1.00094e+13
1.14755   1.00094e+13
1.15192   1.00094e+13
1.15628   1.00094e+13
1.16064   1.00094e+13
1.16501   1.00094e+13
1.16937   1.00094e+13
1.17373   1.00094e+13
1.1781   1.00094e+13
1.18246   1.00094e+13
1.18682   1.00094e+13
1.19119   1.00094e+13
1.19555   1.00094e+13
1.19991   1.00094e+13
1.20428   1.00094e+13
1.20864   1.00094e+13
1.213   1.00094e+13
1.21737   1.00094e+13
1.22173   1.00094e+13
1.22609   1.00094e+13
1.23046   1.00094e+13
1.23482   1.00094e+13
1.23918   1.00094e+13
1.24355   1.00094e+13
1.24791   1.00094e+13
1.25227   1.00094e+13
1.25664   1.00094e+13
1.261   1.00094e+13
1.26536   1.00094e+13
1.26973   1.00094e+13
1.27409   1.00094e+13
1.27845   1.00094e+13
1.28282   1.00094e+13
1.28718   1.00094e+13
1.29154   1.00094e+13
1.29591   1.00094e+13
1.30027   1.00094e+13
1.30463   1.00094e+13
1.309   1.00094e+13
1.31336   1.00094e+13
1.31772   1.00094e+13
1.32209   1.00094e+13
1.32645   1.00094e+13
1.33081   1.00094e+13
1.33518   1.00094e+13
1.33954   1.00094e+13
1.3439   1.00094e+13
1.34827   1.00094e+13
1.35263   1.00094e+13
1.35699   1.00094e+13
1.36136   1.00094e+13
1.36572   1.00094e+13
1.37008   1.00094e+13
1.37445   1.00094e+13
1.37881   1.00094e+13
1.38317   1.00094e+13
1.38754   1.00094e+13
1.3919   1.00094e+13
1.39626   1.00094e+13
1.40063   1.00094e+13
1.40499   1.00094e+13
1.40935   1.00094e+13
1.41372   1.00094e+13
1.41808   1.00094e+13
1.42244   1.00094e+13
1.42681   1.00094e+13
1.43117   1.00094e+13
1.43553   1.00094e+13
1.4399   1.00094e+13
1.44426   1.00094e+13
1.44862   1.00094e+13
1.45299   1.00094e+13
1.45735   1.00094e+13
1.46171   1.00094e+13
1.46608   1.00094e+13
1.47044   1.00094e+13
1.4748   1.00094e+13
1.47917   1.00094e+13
1.48353   1.00094e+13
1.48789   1.00094e+13
1.49226   1.00094e+13
1.49662   1.00094e+13
1.50098   1.00094e+13
1.50535   1.00094e+13
1.50971   1.00094e+13
1.51407   1.00094e+13
1.51844   1.00094e+13
1.5228   1.00094e+13
1.52716   1.00094e+13
1.53153   1.00094e+13
1.53589   1.00094e+13
1.54025   1.00094e+13
1.54462   1.00094e+13
1.54898   1.00094e+13
1.55334   1.00094e+13
1.55771   1.00094e+13
1.56207   1.00094e+13
1.56643   1.00094e+13
1.5708   1.00094e+13
1.57516   1.00094e+13
1.57952   1.00094e+13
1.58389   1.00094e+13
1.58825   1.00094e+13
1.59261   1.00094e+13
1.59698   1.00094e+13
1.60134   1.00094e+13
1.6057   1.00094e+13
1.61007   1.00094e+13
1.61443   1.00094e+13
1.61879   1.00094e+13
1.62316   1.00094e+13
1.62752   1.00094e+13
1.63188   1.00094e+13
1.63625   1.00094e+13
1.64061   1.00094e+13
1.64497   1.00094e+13
1.64934   1.00094e+13
1.6537   1.00094e+13
1.65806   1.00094e+13
1.66243   1.00094e+13
1.66679   1.00094e+13
1.67115   1.00094e+13
1.67552   1.00094e+13
1.67988   1.00094e+13
1.68424   1.00094e+13
1.68861   1.00094e+13
1.69297   1.00094e+13
1.69733   1.00094e+13
1.7017   1.00094e+13
1.70606   1.00094e+13
1.71042   1.00094e+13
1.71479   1.00094e+13
1.71915   1.00094e+13
1.72351   1.00094e+13
1.72788   1.00094e+13
1.73224   1.00094e+13
1.7366   1.00094e+13
1.74097   1.00094e+13
1.74533   1.00094e+13
1.74969   1.00094e+13
1.75406   1.00094e+13
1.75842   1.00094e+13
1.76278   1.00094e+13
1.76715   1.00094e+13
1.77151   1.00094e+13
1.77587   1.00094e+13
1.78024   1.00094e+13
1.7846   1.00094e+13
1.78896   1.00094e+13
1.79333   1.00094e+13
1.79769   1.00094e+13
1.80205   1.00094e+13
1.80642   1.00094e+13
1.81078   1.00094e+13
1.81514   1.00094e+13
1.81951   1.00094e+13
1.82387   1.00094e+13
1.82823   1.00094e+13
1.8326   1.00094e+13
1.83696   1.00094e+13
1.84132   1.00094e+13
1.84569   1.00094e+13
1.85005   1.00094e+13
1.85441   1.00094e+13
1.85878   1.00094e+13
1.86314   1.00094e+13
1.8675   1.00094e+13
1.87187   1.00094e+13
1.87623   1.00094e+13
1.88059   1.00094e+13
1.88496   1.00094e+13
1.88932   1.00094e+13
1.89368   1.00094e+13
1.89805   1.00094e+13
1.90241   1.00094e+13
1.90677   1.00094e+13
1.91114   1.00094e+13
1.9155   1.00094e+13
1.91986   1.00094e+13
1.92423   1.00094e+13
1.92859   1.00094e+13
1.93295   1.00094e+13
1.93732   1.00094e+13
1.94168   1.00094e+13
1.94604   1.00094e+13
1.95041   1.00094e+13
1.95477   1.00094e+13
1.95913   1.00094e+13
1.9635   1.00094e+13
1.96786   1.00094e+13
1.97222   1.00094e+13
1.97659   1.00094e+13
1.98095   1.00094e+13
1.98531   1.00094e+13
1.98968   1.00094e+13
1.99404   1.00094e+13
1.9984   1.00094e+13
2.00277   1.00094e+13
2.00713   1.00094e+13
2.01149   1.00094e+13
2.01586   1.00094e+13
2.02022   1.00094e+13
2.02458   1.00094e+13
2.02895   1.00094e+13
2.03331   1.00094e+13
2.03767   1.00094e+13
2.04204   1.00094e+13
2.0464   1.00094e+13
2.05076   1.00094e+13
2.05513   1.00094e+13
2.05949   1.00094e+13
2.06385   1.00094e+13
2.06822   1.00094e+13
2.07258   1.00094e+13
2.07694   1.00094e+13
2.08131   1.00094e+13
2.08567   1.00094e+13
2.09003   1.00094e+13
2.0944   1.00094e+13
2.09876   1.00094e+13
2.10312   1.00094e+13
2.10749   1.00094e+13
2.11185   1.00094e+13
2.11621   1.00094e+13
2.12058   1.00094e+13
2.12494   1.00094e+13
2.1293   1.00094e+13
2.13367   1.00094e+13
2.13803   1.00094e+13
2.14239   1.00094e+13
2.14675   1.00094e+13
2.15112   1.00094e+13
2.15548   1.00094e+13
2.15984   1.00094e+13
2.16421   1.00094e+13
2.16857   1.00094e+13
2.17293   1.00094e+13
2.1773   1.00094e+13
2.18166   1.00094e+13
2.18602   1.00094e+13
2.19039   1.00094e+13
2.19475   1.00094e+13
2.19911   1.00094e+13
2.20348   1.00094e+13
2.20784   1.00094e+13
2.2122   1.00094e+13
2.21657   1.00094e+13
2.22093   1.00094e+13
2.22529   1.00094e+13
2.22966   1.00094e+13
2.23402   1.00094e+13
2.23838   1.00094e+13
2.24275   1.00094e+13
2.24711   1.00094e+13
2.25147   1.00094e+13
2.25584   1.00094e+13
2.2602   1.00094e+13
2.26456   1.00094e+13
2.26893   1.00094e+13
2.27329   1.00094e+13
2.27765   1.00094e+13
2.28202   1.00094e+13
2.28638   1.00094e+13
2.29074   1.00094e+13
2.29511   1.00094e+13
2.29947   1.00094e+13
2.30383   1.00094e+13
2.3082   1.00094e+13
2.31256   1.00094e+13
2.31692   1.00094e+13
2.32129   1.00094e+13
2.32565   1.00094e+13
2.33001   1.00094e+13
2.33438   1.00094e+13
2.33874   1.00094e+13
2.3431   1.00094e+13
2.34747   1.00094e+13
2.35183   1.00094e+13
2.35619   1.00094e+13
2.36056   1.00094e+13
2.36492   1.00094e+13
2.36928   1.00094e+13
2.37365   1.00094e+13
2.37801   1.00094e+13
2.38237   1.00094e+13
2.38674   1.00094e+13
2.3911   1.00094e+13
2.39546   1.00094e+13
2.39983   1.00094e+13
2.40419   1.00094e+13
2.40855   1.00094e+13
2.41292   1.00094e+13
2.41728   1.00094e+13
2.42164   1.00094e+13
2.42601   1.00094e+13
2.43037   1.00094e+13
2.43473   1.00094e+13
2.4391   1.00094e+13
2.44346   1.00094e+13
2.44782   1.00094e+13
2.45219   1.00094e+13
2.45655   1.00094e+13
2.46091   1.00094e+13
2.46528   1.00094e+13
2.46964   1.00094e+13
2.474   1.00094e+13
2.47837   1.00094e+13
2.48273   1.00094e+13
2.48709   1.00094e+13
2.49146   1.00094e+13
2.49582   1.00094e+13
2.50018   1.00094e+13
2.50455   1.00094e+13
2.50891   1.00094e+13
2.51327   1.00094e+13
2.51764   1.00094e+13
2.522   1.00094e+13
2.52636   1.00094e+13
2.53073   1.00094e+13
2.53509   1.00094e+13
2.53945   1.00094e+13
2.54382   1.00094e+13
2.54818   1.00094e+13
2.55254   1.00094e+13
2.55691   1.00094e+13
2.56127   1.00094e+13
2.56563   1.00094e+13
2.57   1.00094e+13
2.57436   1.00094e+13
2.57872   1.00094e+13
2.58309   1.00094e+13
2.58745   1.00094e+13
2.59181   1.00094e+13
2.59618   1.00094e+13
2.60054   1.00094e+13
2.6049   1.00094e+13
2.60927   1.00094e+13
2.61363   1.00094e+13
2.61799   1.00094e+13
2.62236   1.00094e+13
2.62672   1.00094e+13
2.63108   1.00094e+13
2.63545   1.00094e+13
2.63981   1.00094e+13
2.64417   1.00094e+13
2.64854   1.00094e+13
2.6529   1.00094e+13
2.65726   1.00094e+13
2.66163   1.00094e+13
2.66599   1.00094e+13
2.67035   1.00094e+13
2.67472   1.00094e+13
2.67908   1.00094e+13
2.68344   1.00094e+13
2.68781   1.00094e+13
2.69217   1.00094e+13
2.69653   1.00094e+13
2.7009   1.00094e+13
2.70526   1.00094e+13
2.70962   1.00094e+13
2.71399   1.00094e+13
2.71835   1.00094e+13
2.72271   1.00094e+13
2.72708   1.00094e+13
2.73144   1.00094e+13
2.7358   1.00094e+13
2.74017   1.00094e+13
2.74453   1.00094e+13
2.74889   1.00094e+13
2.75326   1.00094e+13
2.75762   1.00094e+13
2.76198   1.00094e+13
2.76635   1.00094e+13
2.77071   1.00094e+13
2.77507   1.00094e+13
2.77944   1.00094e+13
2.7838   1.00094e+13
2.78816   1.00094e+13
2.79253   1.00094e+13
2.79689   1.00094e+13
2.80125   1.00094e+13
2.80562   1.00094e+13
2.80998   1.00094e+13
2.81434   1.00094e+13
2.81871   1.00094e+13
2.82307   1.00094e+13
2.82743   1.00094e+13
2.8318   1.00094e+13
2.83616   1.00094e+13
2.84052   1.00094e+13
2.84489   1.00094e+13
2.84925   1.00094e+13
2.85361   1.00094e+13
2.85798   1.00094e+13
2.86234   1.00094e+13
2.8667   1.00094e+13
2.87107   1.00094e+13
2.87543   1.00094e+13
2.87979   1.00094e+13
2.88416   1.00094e+13
2.88852   1.00094e+13
2.89288   1.00094e+13
2.89725   1.00094e+13
2.90161   1.00094e+13
2.90597   1.00094e+13
2.91034   1.00094e+13
2.9147   1.00094e+13
2.91906   1.00094e+13
2.92343   1.00094e+13
2.92779   1.00094e+13
2.93215   1.00094e+13
2.93652   1.00094e+13
2.94088   1.00094e+13
2.94524   1.00094e+13
2.94961   1.00094e+13
2.95397   1.00094e+13
2.95833   1.00094e+13
2.9627   1.00094e+13
2.96706   1.00094e+13
2.97142   1.00094e+13
2.97579   1.00094e+13
2.98015   1.00094e+13
2.98451   1.00094e+13
2.98888   1.00094e+13
2.99324   1.00094e+13
2.9976   1.00094e+13
3.00197   1.00094e+13
3.00633   1.00094e+13
3.01069   1.00094e+13
3.01506   1.00094e+13
3.01942   1.00094e+13
3.02378   1.00094e+13
3.02815   1.00094e+13
3.03251   1.00094e+13
3.03687   1.00094e+13
3.04124   1.00094e+13
3.0456   1.00094e+13
3.04996   1.00094e+13
3.05433   1.00094e+13
3.05869   1.00094e+13
3.06305   1.00094e+13
3.06742   1.00094e+13
3.07178   1.00094e+13
3.07614   1.00094e+13
3.08051   1.00094e+13
3.08487   1.00094e+13
3.08923   1.00094e+13
3.0936   1.00094e+13
3.09796   1.00094e+13
3.10232   1.00094e+13
3.10669   1.00094e+13
3.11105   1.00094e+13
3.11541   1.00094e+13
3.11978   1.00094e+13
3.12414   1.00094e+13
3.1285   1.00094e+13
3.13287   1.00094e+13
3.13723   1.00094e+13
3.14159   1.00094e+13
