3.14159    1.28898
1.85355    4.54954
1.70844    8.82085
1.65544    13.1524
1.6265    17.4992
1.60729    21.852
1.59297    26.2076
1.58144    30.5644
1.57167    34.9219
1.56308    39.2794
1.5553    43.6367
1.54812    47.9935
1.54138    52.3497
1.53499    56.7052
1.52888    61.0598
1.52298    65.4133
1.51726    69.7657
1.51169    74.1169
1.50624    78.4668
1.50089    82.8152
1.49564    87.1621
1.49046    91.5075
1.48535    95.8511
1.48029    100.193
1.47529    104.533
1.47033    108.871
1.46542    113.207
1.46054    117.541
1.4557    121.872
1.45088    126.202
1.4461    130.529
1.44134    134.853
1.4366    139.175
1.43189    143.494
1.4272    147.811
1.42253    152.125
1.41787    156.436
1.41324    160.744
1.40862    165.049
1.40401    169.35
1.39942    173.649
1.39485    177.944
1.39029    182.236
1.38574    186.525
1.38121    190.81
1.37669    195.091
1.37218    199.368
1.36768    203.642
1.3632    207.912
1.35873    212.178
1.35426    216.44
1.34981    220.698
1.34537    224.951
1.34094    229.201
1.33653    233.446
1.33212    237.686
1.32772    241.922
1.32334    246.153
1.31896    250.38
1.31459    254.602
1.31024    258.819
1.30589    263.031
1.30156    267.239
1.29723    271.441
1.29292    275.638
1.28861    279.829
1.28432    284.016
1.28003    288.197
1.27576    292.372
1.27149    296.542
1.26724    300.706
1.263    304.865
1.25876    309.018
1.25454    313.165
1.25032    317.306
1.24612    321.441
1.24192    325.569
1.23774    329.692
1.23357    333.808
1.2294    337.919
1.22525    342.022
1.22111    346.119
1.21697    350.21
1.21285    354.294
1.20874    358.372
1.20464    362.442
1.20055    366.506
1.19647    370.563
1.1924    374.612
1.18834    378.655
1.18429    382.691
1.18025    386.719
1.17622    390.74
1.1722    394.754
1.16819    398.76
1.1642    402.759
1.16021    406.751
1.15624    410.734
1.15227    414.71
1.14832    418.679
1.14437    422.639
1.14044    426.592
1.13652    430.536
1.13261    434.473
1.12871    438.401
1.12482    442.321
1.12094    446.234
1.11708    450.137
1.11322    454.033
1.10937    457.92
1.10554    461.799
1.10172    465.669
1.09791    469.53
1.0941    473.383
1.09031    477.227
1.08654    481.063
1.08277    484.889
1.07901    488.707
1.07526    492.516
1.07153    496.315
1.06781    500.106
1.06409    503.888
1.06039    507.66
1.0567    511.424
1.05302    515.178
1.04936    518.922
1.0457    522.658
1.04206    526.384
1.03842    530.1
1.0348    533.807
1.03119    537.505
1.02759    541.192
1.024    544.871
1.02042    548.539
1.01685    552.198
1.0133    555.847
1.00975    559.486
1.00622    563.115
1.0027    566.735
0.999187    570.344
0.995687    573.943
0.992199    577.533
0.988722    581.112
0.985256    584.681
0.981801    588.24
0.978357    591.789
0.974924    595.327
0.971503    598.856
0.968093    602.374
0.964693    605.881
0.961305    609.379
0.957928    612.865
0.954562    616.342
0.951208    619.808
0.947864    623.263
0.944531    626.708
0.941209    630.143
0.937899    633.566
0.934599    636.98
0.93131    640.382
0.928033    643.774
0.924766    647.155
0.92151    650.526
0.918265    653.886
0.915031    657.235
0.911808    660.573
0.908595    663.9
0.905394    667.217
0.902203    670.523
0.899023    673.817
0.895854    677.101
0.892695    680.374
0.889548    683.637
0.886411    686.888
0.883284    690.128
0.880168    693.357
0.877063    696.576
0.873969    699.783
0.870885    702.979
0.867811    706.165
0.864748    709.339
0.861696    712.502
0.858654    715.654
0.855622    718.795
0.852601    721.925
0.849591    725.044
0.84659    728.152
0.8436    731.249
0.84062    734.334
0.837651    737.409
0.834691    740.472
0.831742    743.524
0.828803    746.566
0.825874    749.596
0.822956    752.614
0.820047    755.622
0.817149    758.619
0.81426    761.604
0.811381    764.579
0.808513    767.542
0.805654    770.494
0.802805    773.435
0.799966    776.365
0.797137    779.283
0.794317    782.191
0.791508    785.088
0.788708    787.973
0.785918    790.847
0.783137    793.71
0.780366    796.562
0.777604    799.403
0.774853    802.233
0.77211    805.052
0.769377    807.86
0.766654    810.656
0.76394    813.442
0.761235    816.216
0.75854    818.98
0.755854    821.732
0.753177    824.474
0.750509    827.204
0.747851    829.924
0.745202    832.632
0.742562    835.33
0.739931    838.017
0.737309    840.692
0.734696    843.357
0.732092    846.011
0.729497    848.654
0.726911    851.286
0.724333    853.907
0.721765    856.518
0.719205    859.117
0.716654    861.706
0.714112    864.284
0.711579    866.851
0.709054    869.408
0.706538    871.954
0.70403    874.489
0.701531    877.013
0.69904    879.527
0.696558    882.03
0.694085    884.522
0.691619    887.004
0.689162    889.475
0.686714    891.935
0.684274    894.385
0.681841    896.825
0.679418    899.254
0.677002    901.672
0.674594    904.08
0.672195    906.478
0.669804    908.865
0.66742    911.242
0.665045    913.608
0.662677    915.964
0.660318    918.31
0.657966    920.646
0.655623    922.971
0.653287    925.286
0.650959    927.59
0.648638    929.885
0.646325    932.169
0.64402    934.443
0.641723    936.708
0.639433    938.962
0.637151    941.206
0.634876    943.439
0.632609    945.663
0.630349    947.877
0.628097    950.081
0.625852    952.275
0.623614    954.459
0.621384    956.634
0.619161    958.798
0.616945    960.953
0.614737    963.098
0.612535    965.233
0.610341    967.358
0.608154    969.474
0.605974    971.58
0.603801    973.676
0.601635    975.763
0.599476    977.84
0.597323    979.907
0.595178    981.965
0.59304    984.014
0.590908    986.053
0.588783    988.083
0.586665    990.103
0.584554    992.114
0.58245    994.115
0.580352    996.108
0.578261    998.091
0.576176    1000.06
0.574098    1002.03
0.572026    1003.98
0.569961    1005.93
0.567903    1007.87
0.56585    1009.8
0.563805    1011.71
0.561765    1013.62
0.559732    1015.52
0.557705    1017.42
0.555685    1019.3
0.553671    1021.17
0.551663    1023.04
0.549661    1024.89
0.547665    1026.74
0.545675    1028.58
0.543692    1030.41
0.541714    1032.23
0.539743    1034.04
0.537777    1035.85
0.535818    1037.64
0.533864    1039.43
0.531917    1041.21
0.529975    1042.98
0.528039    1044.74
0.526109    1046.49
0.524184    1048.23
0.522266    1049.97
0.520353    1051.7
0.518445    1053.42
0.516544    1055.13
0.514648    1056.83
0.512758    1058.52
0.510873    1060.21
0.508993    1061.89
0.50712    1063.56
0.505251    1065.22
0.503389    1066.87
0.501531    1068.51
0.499679    1070.15
0.497833    1071.78
0.495991    1073.4
0.494155    1075.02
0.492325    1076.62
0.490499    1078.22
0.488679    1079.81
0.486864    1081.39
0.485054    1082.96
0.483249    1084.53
0.48145    1086.09
0.479655    1087.64
0.477866    1089.18
0.476081    1090.72
0.474302    1092.24
0.472527    1093.76
0.470758    1095.28
0.468993    1096.78
0.467234    1098.28
0.465479    1099.77
0.463729    1101.25
0.461984    1102.73
0.460244    1104.2
0.458508    1105.66
0.456777    1107.11
0.455051    1108.56
0.45333    1110
0.451613    1111.43
0.449901    1112.85
0.448194    1114.27
0.446491    1115.68
0.444792    1117.08
0.443099    1118.48
0.441409    1119.87
0.439725    1121.25
0.438044    1122.62
0.436369    1123.99
0.434697    1125.35
0.43303    1126.71
0.431368    1128.05
0.429709    1129.39
0.428055    1130.73
0.426406    1132.05
0.42476    1133.37
0.423119    1134.69
0.421482    1135.99
0.41985    1137.29
0.418221    1138.59
0.416597    1139.88
0.414977    1141.16
0.413361    1142.43
0.411749    1143.7
0.410141    1144.96
0.408537    1146.21
0.406937    1147.46
0.405341    1148.7
0.403749    1149.93
0.402161    1151.16
0.400577    1152.38
0.398997    1153.6
0.397421    1154.81
0.395849    1156.01
0.394281    1157.21
0.392716    1158.4
0.391155    1159.58
0.389598    1160.76
0.388045    1161.94
0.386496    1163.1
0.38495    1164.26
0.383408    1165.42
0.38187    1166.56
0.380335    1167.71
0.378804    1168.84
0.377276    1169.97
0.375753    1171.1
0.374232    1172.21
0.372716    1173.33
0.371203    1174.43
0.369693    1175.53
0.368187    1176.63
0.366684    1177.72
0.365185    1178.8
0.363689    1179.88
0.362197    1180.95
0.360708    1182.02
0.359223    1183.08
0.357741    1184.13
0.356262    1185.18
0.354786    1186.22
0.353314    1187.26
0.351846    1188.29
0.35038    1189.32
0.348918    1190.34
0.347459    1191.36
0.346003    1192.37
0.34455    1193.37
0.343101    1194.37
0.341654    1195.37
0.340211    1196.36
0.338771    1197.34
0.337334    1198.32
0.3359    1199.29
0.334469    1200.26
0.333042    1201.22
0.331617    1202.18
0.330195    1203.13
0.328777    1204.08
0.327361    1205.02
0.325948    1205.96
0.324538    1206.89
0.323132    1207.81
0.321728    1208.74
0.320327    1209.65
0.318929    1210.56
0.317533    1211.47
0.316141    1212.37
0.314751    1213.27
0.313365    1214.16
0.311981    1215.04
0.3106    1215.93
0.309221    1216.8
0.307845    1217.67
0.306473    1218.54
0.305102    1219.4
0.303735    1220.26
0.30237    1221.11
0.301008    1221.96
0.299648    1222.8
0.298292    1223.64
0.296937    1224.47
0.295586    1225.3
0.294237    1226.13
0.29289    1226.95
0.291547    1227.76
0.290205    1228.57
0.288866    1229.38
0.28753    1230.18
0.286196    1230.97
0.284865    1231.76
0.283536    1232.55
0.28221    1233.33
0.280886    1234.11
0.279565    1234.89
0.278246    1235.66
0.276929    1236.42
0.275615    1237.18
0.274303    1237.94
0.272993    1238.69
0.271686    1239.43
0.270381    1240.18
0.269078    1240.92
0.267778    1241.65
0.26648    1242.38
0.265184    1243.11
0.263891    1243.83
0.2626    1244.54
0.261311    1245.26
0.260024    1245.97
0.258739    1246.67
0.257457    1247.37
0.256177    1248.07
0.254899    1248.76
0.253623    1249.45
0.252349    1250.13
0.251078    1250.81
0.249808    1251.48
0.248541    1252.15
0.247275    1252.82
0.246012    1253.49
0.244751    1254.14
0.243492    1254.8
0.242234    1255.45
0.240979    1256.1
0.239726    1256.74
0.238475    1257.38
0.237226    1258.01
0.235979    1258.65
0.234733    1259.27
0.23349    1259.9
0.232249    1260.52
0.231009    1261.13
0.229772    1261.74
0.228536    1262.35
0.227302    1262.96
0.22607    1263.56
0.22484    1264.15
0.223612    1264.75
0.222385    1265.33
0.221161    1265.92
0.219938    1266.5
0.218717    1267.08
0.217498    1267.65
0.21628    1268.22
0.215065    1268.79
0.213851    1269.35
0.212638    1269.91
0.211428    1270.47
0.210219    1271.02
0.209012    1271.57
0.207807    1272.11
0.206603    1272.65
0.205401    1273.19
0.204201    1273.72
0.203002    1274.25
0.201805    1274.78
0.200609    1275.3
0.199415    1275.82
0.198223    1276.34
0.197032    1276.85
0.195843    1277.36
0.194656    1277.87
0.19347    1278.37
0.192285    1278.87
0.191102    1279.36
0.189921    1279.85
0.188741    1280.34
0.187562    1280.83
0.186385    1281.31
0.18521    1281.79
0.184036    1282.26
0.182863    1282.73
0.181692    1283.2
0.180523    1283.66
0.179354    1284.13
0.178188    1284.58
0.177022    1285.04
0.175858    1285.49
0.174695    1285.94
0.173534    1286.38
0.172374    1286.82
0.171216    1287.26
0.170058    1287.7
0.168902    1288.13
0.167748    1288.56
0.166595    1288.98
0.165443    1289.4
0.164292    1289.82
0.163143    1290.24
0.161994    1290.65
0.160847    1291.06
0.159702    1291.46
0.158557    1291.87
0.157414    1292.26
0.156272    1292.66
0.155132    1293.05
0.153992    1293.44
0.152854    1293.83
0.151717    1294.21
0.150581    1294.59
0.149446    1294.97
0.148312    1295.35
0.147179    1295.72
0.146048    1296.09
0.144918    1296.45
0.143789    1296.81
0.142661    1297.17
0.141534    1297.53
0.140408    1297.88
0.139283    1298.23
0.138159    1298.58
0.137036    1298.92
0.135915    1299.26
0.134794    1299.6
0.133674    1299.94
0.132556    1300.27
0.131438    1300.6
0.130322    1300.92
0.129206    1301.24
0.128092    1301.56
0.126978    1301.88
0.125865    1302.2
0.124754    1302.51
0.123643    1302.82
0.122533    1303.12
0.121424    1303.42
0.120316    1303.72
0.119209    1304.02
0.118103    1304.31
0.116998    1304.6
0.115893    1304.89
0.11479    1305.18
0.113687    1305.46
0.112585    1305.74
0.111484    1306.01
0.110384    1306.29
0.109285    1306.56
0.108187    1306.83
0.107089    1307.09
0.105992    1307.35
0.104896    1307.61
0.103801    1307.87
0.102706    1308.12
0.101613    1308.38
0.10052    1308.62
0.0994275    1308.87
0.098336    1309.11
0.0972453    1309.35
0.0961553    1309.59
0.095066    1309.82
0.0939774    1310.05
0.0928896    1310.28
0.0918024    1310.51
0.0907159    1310.73
0.0896301    1310.95
0.0885449    1311.17
0.0874604    1311.39
0.0863766    1311.6
0.0852934    1311.81
0.0842108    1312.01
0.0831289    1312.22
0.0820476    1312.42
0.0809668    1312.62
0.0798867    1312.81
0.0788072    1313.01
0.0777283    1313.2
0.0766499    1313.39
0.0755721    1313.57
0.0744949    1313.75
0.0734182    1313.93
0.072342    1314.11
0.0712664    1314.29
0.0701913    1314.46
0.0691168    1314.63
0.0680427    1314.79
0.0669692    1314.96
0.0658961    1315.12
0.0648235    1315.28
0.0637514    1315.43
0.0626798    1315.59
0.0616086    1315.74
0.0605379    1315.88
0.0594677    1316.03
0.0583978    1316.17
0.0573284    1316.31
0.0562594    1316.45
0.0551909    1316.59
0.0541227    1316.72
0.053055    1316.85
0.0519876    1316.97
0.0509206    1317.1
0.049854    1317.22
0.0487877    1317.34
0.0477218    1317.46
0.0466563    1317.57
0.0455911    1317.68
0.0445262    1317.79
0.0434617    1317.9
0.0423975    1318
0.0413335    1318.1
0.0402699    1318.2
0.0392066    1318.3
0.0381436    1318.39
0.0370809    1318.48
0.0360184    1318.57
0.0349562    1318.65
0.0338942    1318.74
0.0328325    1318.82
0.031771    1318.89
0.0307098    1318.97
0.0296488    1319.04
0.028588    1319.11
0.0275274    1319.18
0.026467    1319.24
0.0254068    1319.31
0.0243468    1319.37
0.023287    1319.42
0.0222273    1319.48
0.0211678    1319.53
0.0201085    1319.58
0.0190493    1319.63
0.0179902    1319.67
0.0169313    1319.71
0.0158725    1319.75
0.0148138    1319.79
0.0137552    1319.83
0.0126967    1319.86
0.0116383    1319.89
0.01058    1319.91
0.00952182    1319.94
0.00846367    1319.96
0.00740557    1319.98
0.00634753    1319.99
0.00528954    1320.01
0.00423159    1320.02
0.00317366    1320.03
0.00211576    1320.04
0.00105788    1320.04
2.10734e-08    1320.04
