0    1e+13
0.00436332    9.89971e+12
0.00872665    9.61054e+12
0.01309    9.16438e+12
0.0174533    8.60512e+12
0.0218166    7.97908e+12
0.0261799    7.32755e+12
0.0305433    6.68268e+12
0.0349066    6.06667e+12
0.0392699    5.49285e+12
0.0436332    4.96773e+12
0.0479966    4.49301e+12
0.0523599    4.06735e+12
0.0567232    3.68763e+12
0.0610865    3.3499e+12
0.0654498    3.04992e+12
0.0698132    2.78349e+12
0.0741765    2.54669e+12
0.0785398    2.33594e+12
0.0829031    2.14805e+12
0.0872665    1.98018e+12
0.0916298    1.82987e+12
0.0959931    1.69495e+12
0.100356    1.57354e+12
0.10472    1.46404e+12
0.109083    1.36501e+12
0.113446    1.27525e+12
0.11781    1.1937e+12
0.122173    1.11941e+12
0.126536    1.05161e+12
0.1309    9.89574e+11
0.135263    9.327e+11
0.139626    8.80449e+11
0.14399    8.32349e+11
0.148353    7.87986e+11
0.152716    7.46992e+11
0.15708    7.09045e+11
0.161443    6.73856e+11
0.165806    6.41172e+11
0.17017    6.10765e+11
0.174533    5.82434e+11
0.178896    5.55996e+11
0.18326    5.31292e+11
0.187623    5.08174e+11
0.191986    4.86512e+11
0.19635    4.66189e+11
0.200713    4.47098e+11
0.205076    4.29144e+11
0.20944    4.12238e+11
0.213803    3.96302e+11
0.218166    3.81264e+11
0.222529    3.67059e+11
0.226893    3.53628e+11
0.231256    3.40915e+11
0.235619    3.2887e+11
0.239983    3.1745e+11
0.244346    3.0661e+11
0.248709    2.96314e+11
0.253073    2.86525e+11
0.257436    2.77212e+11
0.261799    2.68344e+11
0.266163    2.59893e+11
0.270526    2.51834e+11
0.274889    2.44144e+11
0.279253    2.368e+11
0.283616    2.29782e+11
0.287979    2.23071e+11
0.292343    2.1665e+11
0.296706    2.10502e+11
0.301069    2.04612e+11
0.305433    1.98966e+11
0.309796    1.93551e+11
0.314159    1.88355e+11
0.318523    1.83365e+11
0.322886    1.78572e+11
0.327249    1.73964e+11
0.331613    1.69533e+11
0.335976    1.6527e+11
0.340339    1.61167e+11
0.344703    1.57215e+11
0.349066    1.53407e+11
0.353429    1.49737e+11
0.357792    1.46197e+11
0.362156    1.42783e+11
0.366519    1.39487e+11
0.370882    1.36305e+11
0.375246    1.33231e+11
0.379609    1.30261e+11
0.383972    1.2739e+11
0.388336    1.24613e+11
0.392699    1.21927e+11
0.397062    1.19328e+11
0.401426    1.16812e+11
0.405789    1.14375e+11
0.410152    1.12014e+11
0.414516    1.09727e+11
0.418879    1.0751e+11
0.423242    1.0536e+11
0.427606    1.03274e+11
0.431969    1.01251e+11
0.436332    9.92871e+10
0.440696    9.73806e+10
0.445059    9.55293e+10
0.449422    9.37309e+10
0.453786    9.19836e+10
0.458149    9.02854e+10
0.462512    8.86344e+10
0.466876    8.70291e+10
0.471239    8.54676e+10
0.475602    8.39484e+10
0.479966    8.24701e+10
0.484329    8.10311e+10
0.488692    7.96301e+10
0.493056    7.82658e+10
0.497419    7.69368e+10
0.501782    7.56421e+10
0.506145    7.43803e+10
0.510509    7.31505e+10
0.514872    7.19515e+10
0.519235    7.07824e+10
0.523599    6.96421e+10
0.527962    6.85298e+10
0.532325    6.74444e+10
0.536689    6.63852e+10
0.541052    6.53514e+10
0.545415    6.4342e+10
0.549779    6.33564e+10
0.554142    6.23938e+10
0.558505    6.14535e+10
0.562869    6.05348e+10
0.567232    5.96371e+10
0.571595    5.87597e+10
0.575959    5.79021e+10
0.580322    5.70636e+10
0.584685    5.62436e+10
0.589049    5.54418e+10
0.593412    5.46574e+10
0.597775    5.389e+10
0.602139    5.31391e+10
0.606502    5.24043e+10
0.610865    5.16851e+10
0.615229    5.09811e+10
0.619592    5.02918e+10
0.623955    4.96168e+10
0.628319    4.89557e+10
0.632682    4.83083e+10
0.637045    4.7674e+10
0.641409    4.70525e+10
0.645772    4.64435e+10
0.650135    4.58467e+10
0.654498    4.52617e+10
0.658862    4.46883e+10
0.663225    4.41261e+10
0.667588    4.35748e+10
0.671952    4.30342e+10
0.676315    4.25039e+10
0.680678    4.19838e+10
0.685042    4.14736e+10
0.689405    4.0973e+10
0.693768    4.04817e+10
0.698132    3.99996e+10
0.702495    3.95264e+10
0.706858    3.9062e+10
0.711222    3.8606e+10
0.715585    3.81583e+10
0.719948    3.77187e+10
0.724312    3.7287e+10
0.728675    3.6863e+10
0.733038    3.64465e+10
0.737402    3.60374e+10
0.741765    3.56354e+10
0.746128    3.52405e+10
0.750492    3.48524e+10
0.754855    3.4471e+10
0.759218    3.40961e+10
0.763582    3.37277e+10
0.767945    3.33655e+10
0.772308    3.30094e+10
0.776672    3.26593e+10
0.781035    3.2315e+10
0.785398    3.19764e+10
0.789761    3.16434e+10
0.794125    3.13159e+10
0.798488    3.09937e+10
0.802851    3.06767e+10
0.807215    3.03649e+10
0.811578    3.00581e+10
0.815941    2.97562e+10
0.820305    2.94591e+10
0.824668    2.91667e+10
0.829031    2.88788e+10
0.833395    2.85955e+10
0.837758    2.83166e+10
0.842121    2.80421e+10
0.846485    2.77717e+10
0.850848    2.75055e+10
0.855211    2.72434e+10
0.859575    2.69852e+10
0.863938    2.6731e+10
0.868301    2.64805e+10
0.872665    2.62339e+10
0.877028    2.59909e+10
0.881391    2.57515e+10
0.885755    2.55156e+10
0.890118    2.52832e+10
0.894481    2.50542e+10
0.898845    2.48285e+10
0.903208    2.4606e+10
0.907571    2.43868e+10
0.911935    2.41708e+10
0.916298    2.39578e+10
0.920661    2.37478e+10
0.925025    2.35408e+10
0.929388    2.33367e+10
0.933751    2.31355e+10
0.938114    2.29371e+10
0.942478    2.27414e+10
0.946841    2.25485e+10
0.951204    2.23581e+10
0.955568    2.21704e+10
0.959931    2.19853e+10
0.964294    2.18027e+10
0.968658    2.16225e+10
0.973021    2.14448e+10
0.977384    2.12695e+10
0.981748    2.10964e+10
0.986111    2.09257e+10
0.990474    2.07573e+10
0.994838    2.05911e+10
0.999201    2.0427e+10
1.00356    2.02651e+10
1.00793    2.01053e+10
1.01229    1.99476e+10
1.01665    1.97919e+10
1.02102    1.96382e+10
1.02538    1.94865e+10
1.02974    1.93367e+10
1.03411    1.91888e+10
1.03847    1.90427e+10
1.04283    1.88986e+10
1.0472    1.87562e+10
1.05156    1.86156e+10
1.05592    1.84767e+10
1.06029    1.83396e+10
1.06465    1.82042e+10
1.06901    1.80704e+10
1.07338    1.79383e+10
1.07774    1.78077e+10
1.0821    1.76788e+10
1.08647    1.75514e+10
1.09083    1.74256e+10
1.09519    1.73012e+10
1.09956    1.71784e+10
1.10392    1.7057e+10
1.10828    1.69371e+10
1.11265    1.68186e+10
1.11701    1.67015e+10
1.12137    1.65857e+10
1.12574    1.64713e+10
1.1301    1.63583e+10
1.13446    1.62465e+10
1.13883    1.61361e+10
1.14319    1.60269e+10
1.14755    1.5919e+10
1.15192    1.58123e+10
1.15628    1.57068e+10
1.16064    1.56026e+10
1.16501    1.54995e+10
1.16937    1.53975e+10
1.17373    1.52968e+10
1.1781    1.51971e+10
1.18246    1.50986e+10
1.18682    1.50011e+10
1.19119    1.49048e+10
1.19555    1.48095e+10
1.19991    1.47153e+10
1.20428    1.4622e+10
1.20864    1.45299e+10
1.213    1.44387e+10
1.21737    1.43485e+10
1.22173    1.42593e+10
1.22609    1.4171e+10
1.23046    1.40837e+10
1.23482    1.39974e+10
1.23918    1.39119e+10
1.24355    1.38274e+10
1.24791    1.37438e+10
1.25227    1.3661e+10
1.25664    1.35791e+10
1.261    1.34981e+10
1.26536    1.3418e+10
1.26973    1.33386e+10
1.27409    1.32601e+10
1.27845    1.31825e+10
1.28282    1.31056e+10
1.28718    1.30295e+10
1.29154    1.29542e+10
1.29591    1.28797e+10
1.30027    1.28059e+10
1.30463    1.27329e+10
1.309    1.26606e+10
1.31336    1.25891e+10
1.31772    1.25183e+10
1.32209    1.24482e+10
1.32645    1.23788e+10
1.33081    1.23101e+10
1.33518    1.22421e+10
1.33954    1.21747e+10
1.3439    1.21081e+10
1.34827    1.2042e+10
1.35263    1.19767e+10
1.35699    1.1912e+10
1.36136    1.18479e+10
1.36572    1.17844e+10
1.37008    1.17216e+10
1.37445    1.16594e+10
1.37881    1.15978e+10
1.38317    1.15368e+10
1.38754    1.14763e+10
1.3919    1.14165e+10
1.39626    1.13572e+10
1.40063    1.12985e+10
1.40499    1.12403e+10
1.40935    1.11827e+10
1.41372    1.11257e+10
1.41808    1.10692e+10
1.42244    1.10132e+10
1.42681    1.09578e+10
1.43117    1.09029e+10
1.43553    1.08484e+10
1.4399    1.07945e+10
1.44426    1.07411e+10
1.44862    1.06882e+10
1.45299    1.06358e+10
1.45735    1.05839e+10
1.46171    1.05324e+10
1.46608    1.04815e+10
1.47044    1.0431e+10
1.4748    1.03809e+10
1.47917    1.03313e+10
1.48353    1.02822e+10
1.48789    1.02335e+10
1.49226    1.01853e+10
1.49662    1.01375e+10
1.50098    1.00901e+10
1.50535    1.00431e+10
1.50971    9.9966e+09
1.51407    9.95048e+09
1.51844    9.90478e+09
1.5228    9.85949e+09
1.52716    9.8146e+09
1.53153    9.7701e+09
1.53589    9.72601e+09
1.54025    9.6823e+09
1.54462    9.63897e+09
1.54898    9.59603e+09
1.55334    9.55347e+09
1.55771    9.51127e+09
1.56207    9.46945e+09
1.56643    9.42799e+09
1.5708    9.38689e+09
1.57516    9.34615e+09
1.57952    9.30576e+09
1.58389    9.26572e+09
1.58825    9.22603e+09
1.59261    9.18667e+09
1.59698    9.14766e+09
1.60134    9.10898e+09
1.6057    9.07063e+09
1.61007    9.03261e+09
1.61443    8.99491e+09
1.61879    8.95753e+09
1.62316    8.92047e+09
1.62752    8.88372e+09
1.63188    8.84728e+09
1.63625    8.81115e+09
1.64061    8.77533e+09
1.64497    8.73981e+09
1.64934    8.70458e+09
1.6537    8.66965e+09
1.65806    8.63501e+09
1.66243    8.60066e+09
1.66679    8.56659e+09
1.67115    8.53281e+09
1.67552    8.49931e+09
1.67988    8.46608e+09
1.68424    8.43313e+09
1.68861    8.40045e+09
1.69297    8.36804e+09
1.69733    8.3359e+09
1.7017    8.30402e+09
1.70606    8.2724e+09
1.71042    8.24104e+09
1.71479    8.20993e+09
1.71915    8.17908e+09
1.72351    8.14848e+09
1.72788    8.11813e+09
1.73224    8.08802e+09
1.7366    8.05816e+09
1.74097    8.02854e+09
1.74533    7.99916e+09
1.74969    7.97001e+09
1.75406    7.9411e+09
1.75842    7.91242e+09
1.76278    7.88397e+09
1.76715    7.85575e+09
1.77151    7.82775e+09
1.77587    7.79998e+09
1.78024    7.77243e+09
1.7846    7.7451e+09
1.78896    7.71798e+09
1.79333    7.69108e+09
1.79769    7.6644e+09
1.80205    7.63792e+09
1.80642    7.61165e+09
1.81078    7.58559e+09
1.81514    7.55974e+09
1.81951    7.53409e+09
1.82387    7.50864e+09
1.82823    7.48339e+09
1.8326    7.45834e+09
1.83696    7.43349e+09
1.84132    7.40883e+09
1.84569    7.38436e+09
1.85005    7.36008e+09
1.85441    7.33599e+09
1.85878    7.31209e+09
1.86314    7.28838e+09
1.8675    7.26485e+09
1.87187    7.2415e+09
1.87623    7.21833e+09
1.88059    7.19535e+09
1.88496    7.17254e+09
1.88932    7.1499e+09
1.89368    7.12744e+09
1.89805    7.10516e+09
1.90241    7.08304e+09
1.90677    7.0611e+09
1.91114    7.03932e+09
1.9155    7.01771e+09
1.91986    6.99627e+09
1.92423    6.97499e+09
1.92859    6.95388e+09
1.93295    6.93292e+09
1.93732    6.91213e+09
1.94168    6.8915e+09
1.94604    6.87102e+09
1.95041    6.8507e+09
1.95477    6.83053e+09
1.95913    6.81052e+09
1.9635    6.79066e+09
1.96786    6.77095e+09
1.97222    6.75139e+09
1.97659    6.73198e+09
1.98095    6.71271e+09
1.98531    6.6936e+09
1.98968    6.67462e+09
1.99404    6.6558e+09
1.9984    6.63711e+09
2.00277    6.61856e+09
2.00713    6.60016e+09
2.01149    6.5819e+09
2.01586    6.56377e+09
2.02022    6.54578e+09
2.02458    6.52792e+09
2.02895    6.5102e+09
2.03331    6.49262e+09
2.03767    6.47516e+09
2.04204    6.45784e+09
2.0464    6.44065e+09
2.05076    6.42359e+09
2.05513    6.40666e+09
2.05949    6.38985e+09
2.06385    6.37317e+09
2.06822    6.35662e+09
2.07258    6.34019e+09
2.07694    6.32389e+09
2.08131    6.3077e+09
2.08567    6.29164e+09
2.09003    6.27571e+09
2.0944    6.25989e+09
2.09876    6.24419e+09
2.10312    6.2286e+09
2.10749    6.21314e+09
2.11185    6.19779e+09
2.11621    6.18256e+09
2.12058    6.16744e+09
2.12494    6.15243e+09
2.1293    6.13754e+09
2.13367    6.12276e+09
2.13803    6.10809e+09
2.14239    6.09354e+09
2.14675    6.07909e+09
2.15112    6.06475e+09
2.15548    6.05052e+09
2.15984    6.0364e+09
2.16421    6.02238e+09
2.16857    6.00847e+09
2.17293    5.99466e+09
2.1773    5.98096e+09
2.18166    5.96736e+09
2.18602    5.95387e+09
2.19039    5.94048e+09
2.19475    5.92719e+09
2.19911    5.91399e+09
2.20348    5.9009e+09
2.20784    5.88791e+09
2.2122    5.87502e+09
2.21657    5.86223e+09
2.22093    5.84953e+09
2.22529    5.83693e+09
2.22966    5.82442e+09
2.23402    5.81202e+09
2.23838    5.7997e+09
2.24275    5.78748e+09
2.24711    5.77535e+09
2.25147    5.76332e+09
2.25584    5.75138e+09
2.2602    5.73953e+09
2.26456    5.72777e+09
2.26893    5.7161e+09
2.27329    5.70452e+09
2.27765    5.69303e+09
2.28202    5.68163e+09
2.28638    5.67032e+09
2.29074    5.65909e+09
2.29511    5.64795e+09
2.29947    5.6369e+09
2.30383    5.62594e+09
2.3082    5.61506e+09
2.31256    5.60426e+09
2.31692    5.59355e+09
2.32129    5.58292e+09
2.32565    5.57238e+09
2.33001    5.56191e+09
2.33438    5.55153e+09
2.33874    5.54124e+09
2.3431    5.53102e+09
2.34747    5.52088e+09
2.35183    5.51083e+09
2.35619    5.50085e+09
2.36056    5.49095e+09
2.36492    5.48114e+09
2.36928    5.4714e+09
2.37365    5.46173e+09
2.37801    5.45215e+09
2.38237    5.44264e+09
2.38674    5.43321e+09
2.3911    5.42386e+09
2.39546    5.41458e+09
2.39983    5.40537e+09
2.40419    5.39624e+09
2.40855    5.38719e+09
2.41292    5.37821e+09
2.41728    5.3693e+09
2.42164    5.36046e+09
2.42601    5.3517e+09
2.43037    5.34301e+09
2.43473    5.33439e+09
2.4391    5.32585e+09
2.44346    5.31737e+09
2.44782    5.30897e+09
2.45219    5.30063e+09
2.45655    5.29237e+09
2.46091    5.28417e+09
2.46528    5.27605e+09
2.46964    5.26799e+09
2.474    5.26e+09
2.47837    5.25208e+09
2.48273    5.24423e+09
2.48709    5.23644e+09
2.49146    5.22872e+09
2.49582    5.22107e+09
2.50018    5.21349e+09
2.50455    5.20597e+09
2.50891    5.19851e+09
2.51327    5.19112e+09
2.51764    5.1838e+09
2.522    5.17654e+09
2.52636    5.16935e+09
2.53073    5.16222e+09
2.53509    5.15515e+09
2.53945    5.14815e+09
2.54382    5.14121e+09
2.54818    5.13433e+09
2.55254    5.12752e+09
2.55691    5.12076e+09
2.56127    5.11407e+09
2.56563    5.10745e+09
2.57    5.10088e+09
2.57436    5.09437e+09
2.57872    5.08793e+09
2.58309    5.08154e+09
2.58745    5.07522e+09
2.59181    5.06895e+09
2.59618    5.06275e+09
2.60054    5.0566e+09
2.6049    5.05052e+09
2.60927    5.04449e+09
2.61363    5.03852e+09
2.61799    5.03261e+09
2.62236    5.02676e+09
2.62672    5.02097e+09
2.63108    5.01523e+09
2.63545    5.00955e+09
2.63981    5.00393e+09
2.64417    4.99836e+09
2.64854    4.99286e+09
2.6529    4.98741e+09
2.65726    4.98201e+09
2.66163    4.97667e+09
2.66599    4.97139e+09
2.67035    4.96616e+09
2.67472    4.96099e+09
2.67908    4.95587e+09
2.68344    4.95081e+09
2.68781    4.9458e+09
2.69217    4.94085e+09
2.69653    4.93595e+09
2.7009    4.93111e+09
2.70526    4.92632e+09
2.70962    4.92158e+09
2.71399    4.9169e+09
2.71835    4.91227e+09
2.72271    4.9077e+09
2.72708    4.90317e+09
2.73144    4.8987e+09
2.7358    4.89428e+09
2.74017    4.88992e+09
2.74453    4.88561e+09
2.74889    4.88135e+09
2.75326    4.87714e+09
2.75762    4.87298e+09
2.76198    4.86888e+09
2.76635    4.86482e+09
2.77071    4.86082e+09
2.77507    4.85687e+09
2.77944    4.85297e+09
2.7838    4.84912e+09
2.78816    4.84532e+09
2.79253    4.84157e+09
2.79689    4.83787e+09
2.80125    4.83423e+09
2.80562    4.83063e+09
2.80998    4.82708e+09
2.81434    4.82358e+09
2.81871    4.82013e+09
2.82307    4.81673e+09
2.82743    4.81339e+09
2.8318    4.81009e+09
2.83616    4.80683e+09
2.84052    4.80363e+09
2.84489    4.80048e+09
2.84925    4.79737e+09
2.85361    4.79432e+09
2.85798    4.79131e+09
2.86234    4.78835e+09
2.8667    4.78544e+09
2.87107    4.78258e+09
2.87543    4.77976e+09
2.87979    4.777e+09
2.88416    4.77428e+09
2.88852    4.77161e+09
2.89288    4.76898e+09
2.89725    4.76641e+09
2.90161    4.76388e+09
2.90597    4.7614e+09
2.91034    4.75896e+09
2.9147    4.75658e+09
2.91906    4.75424e+09
2.92343    4.75194e+09
2.92779    4.7497e+09
2.93215    4.7475e+09
2.93652    4.74534e+09
2.94088    4.74324e+09
2.94524    4.74118e+09
2.94961    4.73916e+09
2.95397    4.7372e+09
2.95833    4.73528e+09
2.9627    4.7334e+09
2.96706    4.73157e+09
2.97142    4.72979e+09
2.97579    4.72805e+09
2.98015    4.72636e+09
2.98451    4.72472e+09
2.98888    4.72312e+09
2.99324    4.72157e+09
2.9976    4.72006e+09
3.00197    4.7186e+09
3.00633    4.71718e+09
3.01069    4.71581e+09
3.01506    4.71449e+09
3.01942    4.71321e+09
3.02378    4.71197e+09
3.02815    4.71078e+09
3.03251    4.70964e+09
3.03687    4.70854e+09
3.04124    4.70749e+09
3.0456    4.70648e+09
3.04996    4.70551e+09
3.05433    4.7046e+09
3.05869    4.70372e+09
3.06305    4.70289e+09
3.06742    4.70211e+09
3.07178    4.70137e+09
3.07614    4.70068e+09
3.08051    4.70003e+09
3.08487    4.69943e+09
3.08923    4.69887e+09
3.0936    4.69835e+09
3.09796    4.69788e+09
3.10232    4.69746e+09
3.10669    4.69708e+09
3.11105    4.69674e+09
3.11541    4.69645e+09
3.11978    4.69621e+09
3.12414    4.69601e+09
3.1285    4.69585e+09
3.13287    4.69574e+09
3.13723    4.69567e+09
3.14159    4.69565e+09


