0 -6.55321e-05
0.00436332 -6.55263e-05
0.00872665 -6.55317e-05
0.01309 -6.55403e-05
0.0174533 -6.55522e-05
0.0218166 -6.55675e-05
0.0261799 -6.55861e-05
0.0305433 -6.56081e-05
0.0349066 -6.56333e-05
0.0392699 -6.56619e-05
0.0436332 -6.56937e-05
0.0479966 -6.57286e-05
0.0523599 -6.57668e-05
0.0567232 -6.5808e-05
0.0610865 -6.58524e-05
0.0654498 -6.58997e-05
0.0698132 -6.595e-05
0.0741765 -6.60032e-05
0.0785398 -6.60593e-05
0.0829031 -6.61181e-05
0.0872665 -6.61796e-05
0.0916298 -6.62438e-05
0.0959931 -6.63104e-05
0.100356 -6.63796e-05
0.10472 -6.64512e-05
0.109083 -6.6525e-05
0.113446 -6.66011e-05
0.11781 -6.66793e-05
0.122173 -6.67595e-05
0.126536 -6.68416e-05
0.1309 -6.69256e-05
0.135263 -6.70114e-05
0.139626 -6.70987e-05
0.14399 -6.71876e-05
0.148353 -6.72779e-05
0.152716 -6.73696e-05
0.15708 -6.74624e-05
0.161443 -6.75563e-05
0.165806 -6.76512e-05
0.17017 -6.7747e-05
0.174533 -6.78435e-05
0.178896 -6.79407e-05
0.18326 -6.80384e-05
0.187623 -6.81364e-05
0.191986 -6.82348e-05
0.19635 -6.83333e-05
0.200713 -6.84318e-05
0.205076 -6.85303e-05
0.20944 -6.86286e-05
0.213803 -6.87265e-05
0.218166 -6.8824e-05
0.222529 -6.89209e-05
0.226893 -6.90171e-05
0.231256 -6.91126e-05
0.235619 -6.92071e-05
0.239983 -6.93005e-05
0.244346 -6.93928e-05
0.248709 -6.94839e-05
0.253073 -6.95735e-05
0.257436 -6.96616e-05
0.261799 -6.97481e-05
0.266163 -6.98328e-05
0.270526 -6.99157e-05
0.274889 -6.99966e-05
0.279253 -7.00754e-05
0.283616 -7.01521e-05
0.287979 -7.02265e-05
0.292343 -7.02985e-05
0.296706 -7.0368e-05
0.301069 -7.04348e-05
0.305433 -7.04991e-05
0.309796 -7.05605e-05
0.314159 -7.0619e-05
0.318523 -7.06745e-05
0.322886 -7.0727e-05
0.327249 -7.07764e-05
0.331613 -7.08225e-05
0.335976 -7.08652e-05
0.340339 -7.09046e-05
0.344703 -7.09405e-05
0.349066 -7.09728e-05
0.353429 -7.10016e-05
0.357792 -7.10266e-05
0.362156 -7.10478e-05
0.366519 -7.10652e-05
0.370882 -7.10788e-05
0.375246 -7.10883e-05
0.379609 -7.10939e-05
0.383972 -7.10954e-05
0.388336 -7.10928e-05
0.392699 -7.10861e-05
0.397062 -7.10751e-05
0.401426 -7.10599e-05
0.405789 -7.10404e-05
0.410152 -7.10166e-05
0.414516 -7.09884e-05
0.418879 -7.09558e-05
0.423242 -7.09188e-05
0.427606 -7.08774e-05
0.431969 -7.08315e-05
0.436332 -7.07811e-05
0.440696 -7.07262e-05
0.445059 -7.06668e-05
0.449422 -7.06029e-05
0.453786 -7.05344e-05
0.458149 -7.04614e-05
0.462512 -7.03838e-05
0.466876 -7.03017e-05
0.471239 -7.0215e-05
0.475602 -7.01238e-05
0.479966 -7.00281e-05
0.484329 -6.99278e-05
0.488692 -6.9823e-05
0.493056 -6.97137e-05
0.497419 -6.95999e-05
0.501782 -6.94816e-05
0.506145 -6.93589e-05
0.510509 -6.92317e-05
0.514872 -6.91002e-05
0.519235 -6.89642e-05
0.523599 -6.88239e-05
0.527962 -6.86793e-05
0.532325 -6.85304e-05
0.536689 -6.83772e-05
0.541052 -6.82199e-05
0.545415 -6.80583e-05
0.549779 -6.78926e-05
0.554142 -6.77228e-05
0.558505 -6.75489e-05
0.562869 -6.73711e-05
0.567232 -6.71892e-05
0.571595 -6.70035e-05
0.575959 -6.68139e-05
0.580322 -6.66204e-05
0.584685 -6.64232e-05
0.589049 -6.62223e-05
0.593412 -6.60177e-05
0.597775 -6.58095e-05
0.602139 -6.55977e-05
0.606502 -6.53825e-05
0.610865 -6.51638e-05
0.615229 -6.49418e-05
0.619592 -6.47164e-05
0.623955 -6.44877e-05
0.628319 -6.42559e-05
0.632682 -6.40209e-05
0.637045 -6.37829e-05
0.641409 -6.35418e-05
0.645772 -6.32978e-05
0.650135 -6.3051e-05
0.654498 -6.28012e-05
0.658862 -6.25488e-05
0.663225 -6.22936e-05
0.667588 -6.20359e-05
0.671952 -6.17756e-05
0.676315 -6.15127e-05
0.680678 -6.12475e-05
0.685042 -6.09799e-05
0.689405 -6.071e-05
0.693768 -6.04379e-05
0.698132 -6.01636e-05
0.702495 -5.98872e-05
0.706858 -5.96088e-05
0.711222 -5.93285e-05
0.715585 -5.90462e-05
0.719948 -5.87622e-05
0.724312 -5.84763e-05
0.728675 -5.81888e-05
0.733038 -5.78996e-05
0.737402 -5.76089e-05
0.741765 -5.73166e-05
0.746128 -5.70229e-05
0.750492 -5.67279e-05
0.754855 -5.64315e-05
0.759218 -5.61339e-05
0.763582 -5.58351e-05
0.767945 -5.55352e-05
0.772308 -5.52342e-05
0.776672 -5.49322e-05
0.781035 -5.46292e-05
0.785398 -5.43254e-05
0.789761 -5.40208e-05
0.794125 -5.37154e-05
0.798488 -5.34093e-05
0.802851 -5.31025e-05
0.807215 -5.27952e-05
0.811578 -5.24873e-05
0.815941 -5.2179e-05
0.820305 -5.18702e-05
0.824668 -5.1561e-05
0.829031 -5.12516e-05
0.833395 -5.09418e-05
0.837758 -5.06319e-05
0.842121 -5.03217e-05
0.846485 -5.00115e-05
0.850848 -4.97012e-05
0.855211 -4.93909e-05
0.859575 -4.90807e-05
0.863938 -4.87705e-05
0.868301 -4.84604e-05
0.872665 -4.81505e-05
0.877028 -4.78408e-05
0.881391 -4.75314e-05
0.885755 -4.72223e-05
0.890118 -4.69136e-05
0.894481 -4.66052e-05
0.898845 -4.62972e-05
0.903208 -4.59898e-05
0.907571 -4.56828e-05
0.911935 -4.53764e-05
0.916298 -4.50705e-05
0.920661 -4.47653e-05
0.925025 -4.44607e-05
0.929388 -4.41569e-05
0.933751 -4.38537e-05
0.938114 -4.35513e-05
0.942478 -4.32497e-05
0.946841 -4.2949e-05
0.951204 -4.2649e-05
0.955568 -4.235e-05
0.959931 -4.20519e-05
0.964294 -4.17547e-05
0.968658 -4.14585e-05
0.973021 -4.11633e-05
0.977384 -4.08691e-05
0.981748 -4.0576e-05
0.986111 -4.02839e-05
0.990474 -3.9993e-05
0.994838 -3.97031e-05
0.999201 -3.94144e-05
1.00356 -3.91269e-05
1.00793 -3.88406e-05
1.01229 -3.85555e-05
1.01665 -3.82716e-05
1.02102 -3.7989e-05
1.02538 -3.77076e-05
1.02974 -3.74275e-05
1.03411 -3.71487e-05
1.03847 -3.68713e-05
1.04283 -3.65952e-05
1.0472 -3.63204e-05
1.05156 -3.6047e-05
1.05592 -3.5775e-05
1.06029 -3.55044e-05
1.06465 -3.52352e-05
1.06901 -3.49674e-05
1.07338 -3.4701e-05
1.07774 -3.44361e-05
1.0821 -3.41727e-05
1.08647 -3.39107e-05
1.09083 -3.36502e-05
1.09519 -3.33912e-05
1.09956 -3.31337e-05
1.10392 -3.28776e-05
1.10828 -3.26231e-05
1.11265 -3.23701e-05
1.11701 -3.21187e-05
1.12137 -3.18687e-05
1.12574 -3.16203e-05
1.1301 -3.13735e-05
1.13446 -3.11282e-05
1.13883 -3.08844e-05
1.14319 -3.06422e-05
1.14755 -3.04016e-05
1.15192 -3.01625e-05
1.15628 -2.9925e-05
1.16064 -2.96891e-05
1.16501 -2.94547e-05
1.16937 -2.92219e-05
1.17373 -2.89907e-05
1.1781 -2.8761e-05
1.18246 -2.8533e-05
1.18682 -2.83065e-05
1.19119 -2.80815e-05
1.19555 -2.78582e-05
1.19991 -2.76364e-05
1.20428 -2.74163e-05
1.20864 -2.71976e-05
1.213 -2.69806e-05
1.21737 -2.67651e-05
1.22173 -2.65512e-05
1.22609 -2.63389e-05
1.23046 -2.61281e-05
1.23482 -2.59189e-05
1.23918 -2.57113e-05
1.24355 -2.55052e-05
1.24791 -2.53006e-05
1.25227 -2.50976e-05
1.25664 -2.48962e-05
1.261 -2.46962e-05
1.26536 -2.44979e-05
1.26973 -2.4301e-05
1.27409 -2.41057e-05
1.27845 -2.39119e-05
1.28282 -2.37196e-05
1.28718 -2.35288e-05
1.29154 -2.33396e-05
1.29591 -2.31518e-05
1.30027 -2.29655e-05
1.30463 -2.27807e-05
1.309 -2.25974e-05
1.31336 -2.24156e-05
1.31772 -2.22352e-05
1.32209 -2.20563e-05
1.32645 -2.18789e-05
1.33081 -2.17029e-05
1.33518 -2.15283e-05
1.33954 -2.13552e-05
1.3439 -2.11835e-05
1.34827 -2.10133e-05
1.35263 -2.08444e-05
1.35699 -2.0677e-05
1.36136 -2.05109e-05
1.36572 -2.03463e-05
1.37008 -2.0183e-05
1.37445 -2.00211e-05
1.37881 -1.98606e-05
1.38317 -1.97015e-05
1.38754 -1.95437e-05
1.3919 -1.93872e-05
1.39626 -1.92321e-05
1.40063 -1.90783e-05
1.40499 -1.89258e-05
1.40935 -1.87746e-05
1.41372 -1.86248e-05
1.41808 -1.84762e-05
1.42244 -1.8329e-05
1.42681 -1.8183e-05
1.43117 -1.80382e-05
1.43553 -1.78948e-05
1.4399 -1.77526e-05
1.44426 -1.76116e-05
1.44862 -1.74719e-05
1.45299 -1.73334e-05
1.45735 -1.71962e-05
1.46171 -1.70601e-05
1.46608 -1.69252e-05
1.47044 -1.67916e-05
1.4748 -1.66591e-05
1.47917 -1.65278e-05
1.48353 -1.63977e-05
1.48789 -1.62688e-05
1.49226 -1.6141e-05
1.49662 -1.60143e-05
1.50098 -1.58888e-05
1.50535 -1.57644e-05
1.50971 -1.56411e-05
1.51407 -1.55189e-05
1.51844 -1.53979e-05
1.5228 -1.52779e-05
1.52716 -1.5159e-05
1.53153 -1.50412e-05
1.53589 -1.49244e-05
1.54025 -1.48088e-05
1.54462 -1.46941e-05
1.54898 -1.45805e-05
1.55334 -1.4468e-05
1.55771 -1.43565e-05
1.56207 -1.4246e-05
1.56643 -1.41365e-05
1.5708 -1.4028e-05
1.57516 -1.39205e-05
1.57952 -1.38139e-05
1.58389 -1.37084e-05
1.58825 -1.36038e-05
1.59261 -1.35002e-05
1.59698 -1.33976e-05
1.60134 -1.32958e-05
1.6057 -1.31951e-05
1.61007 -1.30952e-05
1.61443 -1.29963e-05
1.61879 -1.28983e-05
1.62316 -1.28012e-05
1.62752 -1.2705e-05
1.63188 -1.26097e-05
1.63625 -1.25152e-05
1.64061 -1.24217e-05
1.64497 -1.2329e-05
1.64934 -1.22372e-05
1.6537 -1.21462e-05
1.65806 -1.20561e-05
1.66243 -1.19668e-05
1.66679 -1.18783e-05
1.67115 -1.17907e-05
1.67552 -1.17039e-05
1.67988 -1.16179e-05
1.68424 -1.15326e-05
1.68861 -1.14482e-05
1.69297 -1.13646e-05
1.69733 -1.12817e-05
1.7017 -1.11997e-05
1.70606 -1.11184e-05
1.71042 -1.10378e-05
1.71479 -1.0958e-05
1.71915 -1.0879e-05
1.72351 -1.08007e-05
1.72788 -1.07231e-05
1.73224 -1.06462e-05
1.7366 -1.05701e-05
1.74097 -1.04947e-05
1.74533 -1.042e-05
1.74969 -1.03459e-05
1.75406 -1.02726e-05
1.75842 -1.02e-05
1.76278 -1.0128e-05
1.76715 -1.00568e-05
1.77151 -9.98615e-06
1.77587 -9.9162e-06
1.78024 -9.84691e-06
1.7846 -9.77827e-06
1.78896 -9.71027e-06
1.79333 -9.64291e-06
1.79769 -9.57618e-06
1.80205 -9.51008e-06
1.80642 -9.4446e-06
1.81078 -9.37973e-06
1.81514 -9.31548e-06
1.81951 -9.25182e-06
1.82387 -9.18876e-06
1.82823 -9.1263e-06
1.8326 -9.06442e-06
1.83696 -9.00312e-06
1.84132 -8.9424e-06
1.84569 -8.88225e-06
1.85005 -8.82266e-06
1.85441 -8.76363e-06
1.85878 -8.70516e-06
1.86314 -8.64723e-06
1.8675 -8.58985e-06
1.87187 -8.53301e-06
1.87623 -8.4767e-06
1.88059 -8.42092e-06
1.88496 -8.36566e-06
1.88932 -8.31092e-06
1.89368 -8.2567e-06
1.89805 -8.20298e-06
1.90241 -8.14977e-06
1.90677 -8.09706e-06
1.91114 -8.04484e-06
1.9155 -7.99311e-06
1.91986 -7.94187e-06
1.92423 -7.89111e-06
1.92859 -7.84082e-06
1.93295 -7.79101e-06
1.93732 -7.74166e-06
1.94168 -7.69278e-06
1.94604 -7.64435e-06
1.95041 -7.59638e-06
1.95477 -7.54886e-06
1.95913 -7.50178e-06
1.9635 -7.45515e-06
1.96786 -7.40895e-06
1.97222 -7.36318e-06
1.97659 -7.31785e-06
1.98095 -7.27294e-06
1.98531 -7.22845e-06
1.98968 -7.18437e-06
1.99404 -7.14071e-06
1.9984 -7.09746e-06
2.00277 -7.05461e-06
2.00713 -7.01217e-06
2.01149 -6.97012e-06
2.01586 -6.92846e-06
2.02022 -6.8872e-06
2.02458 -6.84632e-06
2.02895 -6.80582e-06
2.03331 -6.76571e-06
2.03767 -6.72597e-06
2.04204 -6.6866e-06
2.0464 -6.6476e-06
2.05076 -6.60896e-06
2.05513 -6.57069e-06
2.05949 -6.53277e-06
2.06385 -6.49521e-06
2.06822 -6.458e-06
2.07258 -6.42114e-06
2.07694 -6.38462e-06
2.08131 -6.34844e-06
2.08567 -6.3126e-06
2.09003 -6.2771e-06
2.0944 -6.24193e-06
2.09876 -6.20709e-06
2.10312 -6.17258e-06
2.10749 -6.13838e-06
2.11185 -6.10451e-06
2.11621 -6.07095e-06
2.12058 -6.03771e-06
2.12494 -6.00478e-06
2.1293 -5.97216e-06
2.13367 -5.93984e-06
2.13803 -5.90783e-06
2.14239 -5.87611e-06
2.14675 -5.84469e-06
2.15112 -5.81357e-06
2.15548 -5.78273e-06
2.15984 -5.75219e-06
2.16421 -5.72193e-06
2.16857 -5.69195e-06
2.17293 -5.66226e-06
2.1773 -5.63284e-06
2.18166 -5.6037e-06
2.18602 -5.57483e-06
2.19039 -5.54623e-06
2.19475 -5.51791e-06
2.19911 -5.48984e-06
2.20348 -5.46204e-06
2.20784 -5.4345e-06
2.2122 -5.40722e-06
2.21657 -5.3802e-06
2.22093 -5.35342e-06
2.22529 -5.3269e-06
2.22966 -5.30063e-06
2.23402 -5.27461e-06
2.23838 -5.24883e-06
2.24275 -5.22329e-06
2.24711 -5.198e-06
2.25147 -5.17294e-06
2.25584 -5.14812e-06
2.2602 -5.12353e-06
2.26456 -5.09917e-06
2.26893 -5.07505e-06
2.27329 -5.05115e-06
2.27765 -5.02748e-06
2.28202 -5.00403e-06
2.28638 -4.9808e-06
2.29074 -4.95779e-06
2.29511 -4.935e-06
2.29947 -4.91243e-06
2.30383 -4.89007e-06
2.3082 -4.86792e-06
2.31256 -4.84598e-06
2.31692 -4.82425e-06
2.32129 -4.80273e-06
2.32565 -4.78141e-06
2.33001 -4.76029e-06
2.33438 -4.73938e-06
2.33874 -4.71867e-06
2.3431 -4.69815e-06
2.34747 -4.67783e-06
2.35183 -4.6577e-06
2.35619 -4.63777e-06
2.36056 -4.61803e-06
2.36492 -4.59848e-06
2.36928 -4.57911e-06
2.37365 -4.55993e-06
2.37801 -4.54094e-06
2.38237 -4.52213e-06
2.38674 -4.5035e-06
2.3911 -4.48505e-06
2.39546 -4.46678e-06
2.39983 -4.44869e-06
2.40419 -4.43077e-06
2.40855 -4.41302e-06
2.41292 -4.39545e-06
2.41728 -4.37805e-06
2.42164 -4.36082e-06
2.42601 -4.34376e-06
2.43037 -4.32687e-06
2.43473 -4.31014e-06
2.4391 -4.29357e-06
2.44346 -4.27717e-06
2.44782 -4.26093e-06
2.45219 -4.24485e-06
2.45655 -4.22893e-06
2.46091 -4.21317e-06
2.46528 -4.19756e-06
2.46964 -4.18211e-06
2.474 -4.16681e-06
2.47837 -4.15167e-06
2.48273 -4.13668e-06
2.48709 -4.12184e-06
2.49146 -4.10714e-06
2.49582 -4.0926e-06
2.50018 -4.0782e-06
2.50455 -4.06395e-06
2.50891 -4.04984e-06
2.51327 -4.03588e-06
2.51764 -4.02206e-06
2.522 -4.00838e-06
2.52636 -3.99484e-06
2.53073 -3.98143e-06
2.53509 -3.96817e-06
2.53945 -3.95505e-06
2.54382 -3.94206e-06
2.54818 -3.9292e-06
2.55254 -3.91648e-06
2.55691 -3.9039e-06
2.56127 -3.89144e-06
2.56563 -3.87912e-06
2.57 -3.86693e-06
2.57436 -3.85486e-06
2.57872 -3.84293e-06
2.58309 -3.83112e-06
2.58745 -3.81943e-06
2.59181 -3.80788e-06
2.59618 -3.79645e-06
2.60054 -3.78514e-06
2.6049 -3.77395e-06
2.60927 -3.76289e-06
2.61363 -3.75195e-06
2.61799 -3.74113e-06
2.62236 -3.73043e-06
2.62672 -3.71984e-06
2.63108 -3.70938e-06
2.63545 -3.69903e-06
2.63981 -3.6888e-06
2.64417 -3.67868e-06
2.64854 -3.66868e-06
2.6529 -3.65879e-06
2.65726 -3.64902e-06
2.66163 -3.63936e-06
2.66599 -3.62981e-06
2.67035 -3.62037e-06
2.67472 -3.61104e-06
2.67908 -3.60182e-06
2.68344 -3.59271e-06
2.68781 -3.58371e-06
2.69217 -3.57482e-06
2.69653 -3.56603e-06
2.7009 -3.55735e-06
2.70526 -3.54878e-06
2.70962 -3.54031e-06
2.71399 -3.53194e-06
2.71835 -3.52368e-06
2.72271 -3.51552e-06
2.72708 -3.50747e-06
2.73144 -3.49952e-06
2.7358 -3.49166e-06
2.74017 -3.48391e-06
2.74453 -3.47626e-06
2.74889 -3.46871e-06
2.75326 -3.46126e-06
2.75762 -3.4539e-06
2.76198 -3.44665e-06
2.76635 -3.43949e-06
2.77071 -3.43243e-06
2.77507 -3.42546e-06
2.77944 -3.41859e-06
2.7838 -3.41182e-06
2.78816 -3.40514e-06
2.79253 -3.39855e-06
2.79689 -3.39206e-06
2.80125 -3.38567e-06
2.80562 -3.37936e-06
2.80998 -3.37315e-06
2.81434 -3.36703e-06
2.81871 -3.361e-06
2.82307 -3.35507e-06
2.82743 -3.34922e-06
2.8318 -3.34346e-06
2.83616 -3.3378e-06
2.84052 -3.33222e-06
2.84489 -3.32673e-06
2.84925 -3.32133e-06
2.85361 -3.31602e-06
2.85798 -3.3108e-06
2.86234 -3.30567e-06
2.8667 -3.30062e-06
2.87107 -3.29566e-06
2.87543 -3.29078e-06
2.87979 -3.286e-06
2.88416 -3.28129e-06
2.88852 -3.27668e-06
2.89288 -3.27214e-06
2.89725 -3.2677e-06
2.90161 -3.26333e-06
2.90597 -3.25905e-06
2.91034 -3.25486e-06
2.9147 -3.25075e-06
2.91906 -3.24672e-06
2.92343 -3.24277e-06
2.92779 -3.23891e-06
2.93215 -3.23513e-06
2.93652 -3.23143e-06
2.94088 -3.22782e-06
2.94524 -3.22428e-06
2.94961 -3.22083e-06
2.95397 -3.21746e-06
2.95833 -3.21416e-06
2.9627 -3.21095e-06
2.96706 -3.20782e-06
2.97142 -3.20477e-06
2.97579 -3.2018e-06
2.98015 -3.19891e-06
2.98451 -3.1961e-06
2.98888 -3.19337e-06
2.99324 -3.19071e-06
2.9976 -3.18814e-06
3.00197 -3.18565e-06
3.00633 -3.18323e-06
3.01069 -3.18089e-06
3.01506 -3.17863e-06
3.01942 -3.17645e-06
3.02378 -3.17435e-06
3.02815 -3.17232e-06
3.03251 -3.17037e-06
3.03687 -3.1685e-06
3.04124 -3.16671e-06
3.0456 -3.16499e-06
3.04996 -3.16335e-06
3.05433 -3.16179e-06
3.05869 -3.16031e-06
3.06305 -3.1589e-06
3.06742 -3.15756e-06
3.07178 -3.15631e-06
3.07614 -3.15513e-06
3.08051 -3.15403e-06
3.08487 -3.153e-06
3.08923 -3.15205e-06
3.0936 -3.15118e-06
3.09796 -3.15038e-06
3.10232 -3.14966e-06
3.10669 -3.14902e-06
3.11105 -3.14845e-06
3.11541 -3.14796e-06
3.11978 -3.14754e-06
3.12414 -3.1472e-06
3.1285 -3.14693e-06
3.13287 -3.14674e-06
3.13723 -3.14663e-06
3.14159 -inf
